10
0 361 570 114 383 316 410 565 351 332
361 0 447 368 601 647 770 500 194 654
570 447 0 657 938 876 861 88 268 897
114 368 657 0 281 279 447 663 415 286
383 601 938 281 0 237 502 944 689 212
316 647 876 279 237 0 265 860 667 30
410 770 861 447 502 265 0 819 721 292
565 500 88 663 944 860 819 0 308 882
351 194 268 415 689 667 721 308 0 683
332 654 897 286 212 30 292 882 683 0
