30
0 1009 898 368 964 198 814 639 345 578 342 680 936 613 478 342 510 386 561 902 889 601 621 599 368 827 358 579 606 557
1009 0 559 799 417 1085 526 413 664 1137 862 542 668 826 553 1050 1197 622 558 667 127 425 448 616 1127 650 676 681 1094 623
898 559 0 545 162 865 90 653 653 725 955 222 110 396 479 749 826 618 351 109 552 432 355 298 817 120 561 330 663 849
368 799 545 0 637 323 468 551 296 385 550 341 571 256 262 251 409 301 252 537 702 380 352 250 328 463 178 216 371 609
964 417 162 637 0 960 184 600 675 868 964 295 260 536 502 864 961 635 403 268 436 417 359 388 936 278 608 437 810 814
198 1085 865 323 960 0 790 759 454 399 534 665 879 517 532 170 315 486 568 845 975 660 655 574 175 773 409 534 438 722
814 526 90 468 184 790 0 573 563 684 865 134 179 352 388 685 777 528 261 162 501 346 268 218 755 124 473 258 627 764
639 413 653 551 600 759 573 0 306 936 449 489 753 702 298 778 955 274 404 733 286 239 321 501 850 677 379 552 914 223
345 664 653 296 675 454 563 306 0 673 304 434 722 519 175 487 671 43 305 693 543 272 316 386 554 620 126 405 666 313
578 1137 725 385 868 399 684 936 673 0 875 606 688 332 641 236 129 684 583 658 1058 745 696 523 230 607 563 459 68 986
342 862 955 550 964 534 865 449 304 875 0 738 1026 799 476 648 831 336 609 997 735 547 607 690 693 924 417 702 887 273
680 542 222 341 295 665 134 489 434 606 738 0 289 284 263 572 685 402 129 262 485 250 168 93 646 194 339 150 557 659
936 668 110 571 260 879 179 753 722 688 1026 289 0 378 552 748 800 691 416 34 663 524 444 343 810 108 619 356 623 941
613 826 396 256 536 517 352 702 519 332 799 284 378 0 409 373 429 508 302 344 761 476 408 216 432 283 393 154 276 815
478 553 479 262 502 532 388 298 175 641 476 263 552 409 0 507 672 139 139 524 447 128 145 232 583 454 124 268 616 414
342 1050 749 251 864 170 685 778 487 236 648 572 748 373 507 0 187 508 501 714 952 630 604 479 76 647 400 427 269 789
510 1197 826 409 961 315 777 955 671 129 831 685 800 429 672 187 0 689 639 768 1108 788 749 595 141 712 576 534 195 975
386 622 618 301 635 486 528 274 43 684 336 402 691 508 139 508 689 0 275 662 502 229 276 361 578 591 123 385 672 310
561 558 351 252 403 568 261 404 305 583 609 129 416 302 139 501 639 275 0 387 474 174 112 98 577 316 211 149 546 549
902 667 109 537 268 845 162 733 693 658 997 262 34 344 524 714 768 662 387 0 656 502 420 312 776 75 588 322 593 917
889 127 552 702 436 975 501 286 543 1058 735 485 663 761 447 952 1108 502 474 656 0 322 362 546 1028 625 566 610 1019 498
601 425 432 380 417 660 346 239 272 745 547 250 524 476 128 630 788 229 174 502 322 0 82 267 706 441 252 323 713 417
621 448 355 352 359 655 268 321 316 696 607 168 444 408 145 604 749 276 112 420 362 82 0 193 680 359 262 254 658 497
599 616 298 250 388 574 218 501 386 523 690 93 343 216 232 479 595 361 98 312 546 267 193 0 552 237 276 64 477 645
368 1127 817 328 936 175 755 850 554 230 693 646 810 432 583 76 141 578 577 776 1028 706 680 552 0 711 474 499 279 850
827 650 120 463 278 773 124 677 620 607 924 194 108 283 454 647 712 591 316 75 625 441 359 237 711 0 513 247 544 853
358 676 561 178 608 409 473 379 126 563 417 339 619 393 124 400 576 123 211 588 566 252 262 276 474 513 0 285 549 433
579 681 330 216 437 534 258 552 405 459 702 150 356 154 268 427 534 385 149 322 610 323 254 64 499 247 285 0 413 682
606 1094 663 371 810 438 627 914 666 68 887 557 623 276 616 269 195 672 546 593 1019 713 658 477 279 544 549 413 0 979
557 623 849 609 814 722 764 223 313 986 273 659 941 815 414 789 975 310 549 917 498 417 497 645 850 853 433 682 979 0
