25
0 76 68 602 447 712 170 533 748 443 736 92 496 655 562 635 611 639 594 599 783 358 459 406 660
76 0 117 621 500 789 175 591 821 516 804 74 561 731 622 703 683 662 650 674 858 403 521 426 737
68 117 0 534 487 701 237 568 752 451 752 79 522 626 592 654 622 571 534 599 751 292 488 339 651
602 621 534 0 948 887 772 1001 1023 801 1081 547 928 706 1009 1012 944 51 344 873 772 294 913 196 858
447 500 487 948 0 502 359 97 430 229 359 540 124 584 137 259 292 970 776 350 699 655 85 774 454
712 789 701 887 502 0 742 450 176 304 288 780 379 201 417 303 227 881 572 152 245 642 417 793 53
170 175 237 772 359 742 0 455 737 442 698 242 446 730 492 594 593 808 739 606 860 519 401 576 688
533 591 568 1001 97 450 455 0 352 226 269 626 87 563 43 175 226 1019 800 302 668 707 87 835 407
748 821 752 1023 430 176 737 352 0 305 121 828 308 371 311 179 144 1023 728 158 419 756 354 906 175
443 516 451 801 229 304 442 226 305 0 304 524 140 356 219 216 171 813 575 164 474 511 151 652 251
736 804 752 1081 359 288 698 269 121 304 0 822 252 472 226 104 138 1086 807 212 533 801 297 947 274
92 74 79 547 540 780 242 626 828 524 822 0 587 704 653 723 695 588 591 676 828 338 550 352 730
496 561 522 928 124 379 446 87 308 140 252 587 0 479 81 148 167 943 715 228 587 634 46 767 333
655 731 626 706 584 201 730 563 371 356 472 704 479 0 540 456 372 695 377 278 129 492 503 638 198
562 622 592 1009 137 417 492 43 311 219 226 653 81 540 0 133 190 1025 794 272 640 716 104 848 376
635 703 654 1012 259 303 594 175 179 216 104 723 148 456 133 0 84 1020 759 178 540 725 194 867 271
611 683 622 944 292 227 593 226 144 171 138 695 167 372 190 84 0 951 680 94 459 663 212 809 190
639 662 571 51 970 881 808 1019 1023 813 1086 588 943 695 1025 1020 951 0 324 876 754 315 931 236 855
594 650 534 344 776 572 739 800 728 575 807 591 715 377 794 759 680 324 0 595 429 258 717 348 553
599 674 599 873 350 152 606 302 158 164 212 676 228 278 272 178 94 876 595 0 368 601 265 750 105
783 858 751 772 699 245 860 668 419 474 533 828 587 129 640 540 459 754 429 368 0 592 616 731 269
358 403 292 294 655 642 519 707 756 511 801 338 634 492 716 725 663 315 258 601 592 0 619 151 604
459 521 488 913 85 417 401 87 354 151 297 550 46 503 104 194 212 931 717 265 616 619 0 748 369
406 426 339 196 774 793 576 835 906 652 947 352 767 638 848 867 809 236 348 750 731 151 748 0 755
660 737 651 858 454 53 688 407 175 251 274 730 333 198 376 271 190 855 553 105 269 604 369 755 0
