30
0 288 633 468 680 356 339 519 652 540 601 383 523 69 488 136 520 73 785 186 817 613 57 430 659 731 101 493 768 121
288 0 571 240 611 150 625 660 369 439 635 167 237 218 662 155 374 299 647 107 596 409 238 293 737 773 384 302 636 362
633 571 0 785 47 719 874 422 602 140 201 423 585 603 492 610 942 568 221 607 433 947 588 865 328 284 710 861 197 569
468 240 785 0 819 112 771 899 370 645 869 361 260 407 898 338 175 505 816 293 694 169 434 142 976 1007 543 82 811 570
680 611 47 819 0 757 920 455 619 174 225 459 611 649 528 655 979 615 190 650 423 980 635 903 346 288 758 896 167 617
356 150 719 112 757 0 665 797 402 583 784 301 272 295 791 226 224 394 778 182 691 270 322 146 884 922 433 156 770 458
339 625 874 771 920 665 0 588 991 818 771 717 862 408 518 470 769 357 1063 519 1137 888 395 691 771 871 240 773 1043 322
519 660 422 899 455 797 588 0 884 464 237 602 807 540 81 592 1006 448 643 622 832 1066 512 915 186 292 538 953 619 402
652 369 602 370 619 402 991 884 0 472 759 299 134 582 915 524 538 647 539 477 348 466 597 510 887 877 751 445 543 702
540 439 140 645 174 583 818 464 472 0 291 285 446 499 519 495 805 484 247 485 370 807 489 730 422 405 628 722 228 499
601 635 201 869 225 784 771 237 759 291 0 522 714 593 315 623 1007 528 416 636 632 1038 571 922 132 138 655 937 393 507
383 167 423 361 459 301 717 602 299 285 522 0 205 319 624 279 521 362 480 248 443 525 325 448 639 656 485 437 470 411
523 237 585 260 611 272 862 807 134 446 714 205 0 454 829 393 435 525 573 345 434 389 470 392 836 842 622 341 572 583
69 218 603 407 649 295 408 540 582 499 593 319 454 0 518 70 475 100 741 119 758 559 29 384 664 728 169 439 725 164
488 662 492 898 528 791 518 81 915 519 315 624 829 518 0 576 992 421 713 612 890 1062 489 901 265 373 493 946 689 367
136 155 610 338 655 226 470 592 524 495 623 279 393 70 576 0 415 167 730 50 723 492 96 324 704 760 229 373 715 232
520 374 942 175 979 224 769 1006 538 805 1007 521 435 475 992 415 0 576 987 384 869 136 504 91 1104 1146 569 94 981 637
73 299 568 505 615 394 357 448 647 484 528 362 525 100 421 167 576 0 731 213 782 659 72 485 585 657 144 540 712 64
785 647 221 816 190 778 1063 643 539 247 416 480 573 741 713 730 987 731 0 713 261 962 733 923 535 467 875 897 23 746
186 107 607 293 650 182 519 622 477 485 636 248 345 119 612 50 384 213 713 0 690 451 144 293 724 774 279 334 700 277
817 596 433 694 423 691 1137 832 348 370 632 443 434 758 890 723 869 782 261 690 0 811 760 824 762 711 917 775 277 817
613 409 947 169 980 270 888 1066 466 807 1038 525 389 559 1062 492 136 659 962 451 811 0 587 197 1145 1175 675 119 959 723
57 238 588 434 635 322 395 512 597 489 571 325 470 29 489 96 504 72 733 144 760 587 0 413 639 704 159 468 717 135
430 293 865 142 903 146 691 915 510 730 922 448 392 384 901 324 91 485 923 293 824 197 413 0 1016 1060 483 91 916 546
659 737 328 976 346 884 771 186 887 422 132 639 836 664 265 704 1104 585 535 724 762 1145 639 1016 0 108 696 1039 512 550
731 773 284 1007 288 922 871 292 877 405 138 656 842 728 373 760 1146 657 467 774 711 1175 704 1060 108 0 778 1075 445 630
101 384 710 543 758 433 240 538 751 628 655 485 622 169 493 229 569 144 875 279 917 675 159 483 696 778 0 557 857 148
493 302 861 82 896 156 773 953 445 722 937 437 341 439 946 373 94 540 897 334 775 119 468 91 1039 1075 557 0 892 603
768 636 197 811 167 770 1043 619 543 228 393 470 572 725 689 715 981 712 23 700 277 959 717 916 512 445 857 892 0 727
121 362 569 570 617 458 322 402 702 499 507 411 583 164 367 232 637 64 746 277 817 723 135 546 550 630 148 603 727 0
