15
0 563 732 538 266 505 192 513 127 650 234 366 282 227 301
563 0 700 30 723 464 441 747 536 245 725 599 648 730 338
732 700 0 675 999 263 808 335 606 502 654 1043 508 673 509
538 30 675 0 705 436 422 717 507 234 696 590 617 701 308
266 723 999 705 0 767 282 764 393 868 429 233 529 413 544
505 464 263 436 767 0 552 319 388 324 496 787 354 512 248
192 441 808 422 282 552 0 654 269 593 424 235 442 418 305
513 747 335 717 764 319 654 0 393 643 358 872 234 377 434
127 536 606 507 393 388 269 393 0 575 191 479 172 194 221
650 245 502 234 868 324 593 643 575 0 742 794 625 752 354
234 725 654 696 429 496 424 358 191 742 0 590 147 19 399
366 599 1043 590 233 787 235 872 479 794 590 0 647 578 539
282 648 508 617 529 354 442 234 172 625 147 647 0 165 309
227 730 673 701 413 512 418 377 194 752 19 578 165 0 407
301 338 509 308 544 248 305 434 221 354 399 539 309 407 0
