20
0 550 784 915 318 511 866 276 466 973 567 673 773 645 433 335 708 290 465 328
550 0 234 365 241 525 722 477 179 427 268 174 532 377 355 358 318 511 199 420
784 234 0 136 475 670 762 696 376 212 374 171 560 472 523 571 354 714 392 631
915 365 136 0 602 798 855 809 488 84 501 299 655 529 656 682 398 851 501 739
318 241 475 602 0 492 788 259 159 656 366 393 633 388 330 169 413 375 166 223
511 525 670 798 492 0 357 690 610 880 297 500 313 856 173 650 834 226 627 690
866 722 762 855 788 357 0 1019 863 939 455 609 202 1096 465 956 1036 583 884 1006
276 477 696 809 259 690 1019 0 321 847 622 643 881 410 554 126 506 508 308 76
466 179 376 488 159 610 863 321 0 529 411 353 686 246 437 194 254 526 21 254
973 427 212 84 656 880 939 847 529 0 583 380 739 532 735 720 397 925 539 775
567 268 374 501 366 297 455 622 411 583 0 203 274 641 171 533 586 387 432 590
673 174 171 299 393 500 609 643 353 380 203 0 408 530 358 529 442 561 374 590
773 532 560 655 633 313 202 881 686 739 274 408 0 910 342 802 842 519 707 856
645 377 472 529 388 856 1096 410 246 532 641 530 910 0 684 311 134 764 230 336
433 355 523 656 330 173 465 554 437 735 171 358 342 684 0 495 661 217 455 542
335 358 571 682 169 650 956 126 194 720 533 529 802 311 495 0 390 500 181 61
708 318 354 398 413 834 1036 506 254 397 586 442 842 134 661 390 0 777 248 430
290 511 714 851 375 226 583 508 526 925 387 561 519 764 217 500 777 0 538 527
465 199 392 501 166 627 884 308 21 539 432 374 707 230 455 181 248 538 0 239
328 420 631 739 223 690 1006 76 254 775 590 590 856 336 542 61 430 527 239 0
