30
0 275 609 1048 400 164 673 435 1021 326 183 682 520 471 610 793 786 823 597 359 466 232 202 656 918 688 541 510 476 550
275 0 383 973 151 182 634 182 932 275 225 583 505 254 433 611 575 777 493 99 610 265 241 693 785 850 628 372 631 449
609 383 0 702 231 564 475 204 646 349 608 350 435 138 132 250 193 571 292 285 707 440 448 624 462 922 645 204 735 280
1048 973 702 0 860 1107 378 854 64 734 1154 390 531 756 581 484 587 233 480 905 761 816 848 477 264 807 622 603 781 525
400 151 231 860 0 333 550 35 813 249 377 472 446 109 294 466 424 682 386 53 629 295 287 645 653 865 612 259 653 348
164 182 564 1107 333 0 745 365 1071 374 48 722 599 431 601 783 754 894 632 282 612 312 278 764 941 842 667 523 626 585
673 634 475 378 550 745 0 556 360 371 791 146 153 466 345 388 473 150 183 585 419 443 476 182 334 544 289 299 443 207
435 182 204 854 35 365 556 0 805 273 408 469 459 97 280 445 398 683 386 83 656 327 320 659 639 890 633 260 681 351
1021 932 646 64 813 1071 360 805 0 702 1120 350 510 708 529 423 525 228 440 860 761 789 820 482 201 826 623 560 782 486
326 275 349 734 249 374 371 273 702 0 421 357 231 235 304 480 493 520 271 257 383 102 125 418 591 616 365 193 408 224
183 225 608 1154 377 48 791 408 1120 421 0 770 645 477 648 830 800 941 681 325 643 355 322 806 990 870 706 571 656 634
682 583 350 390 472 722 146 469 350 357 770 0 214 373 218 243 327 221 90 515 525 450 479 325 243 680 410 213 552 136
520 505 435 531 446 599 153 459 510 231 645 214 0 383 323 434 494 302 176 471 314 292 326 200 451 496 216 232 342 161
471 254 138 756 109 431 466 97 708 235 477 373 383 0 185 358 323 589 292 161 613 314 318 583 543 840 573 167 640 259
610 433 132 581 294 601 345 280 529 304 648 218 323 185 0 184 190 439 164 346 618 406 423 501 358 818 538 115 646 162
793 611 250 484 466 783 388 445 423 480 830 243 434 358 184 0 104 418 258 519 748 583 603 569 225 920 645 287 776 288
786 575 193 587 424 754 473 398 525 493 800 327 494 323 190 104 0 518 319 477 801 593 608 649 325 988 710 305 829 336
823 777 571 233 682 894 150 683 228 520 941 221 302 589 439 418 518 0 297 720 533 594 627 255 278 609 395 423 554 333
597 493 292 480 386 632 183 386 440 271 681 90 176 292 164 258 319 297 0 428 489 367 395 338 321 669 391 126 517 47
359 99 285 905 53 282 585 83 860 257 325 515 471 161 346 519 477 720 428 0 628 285 271 668 703 866 623 302 651 387
466 610 707 761 629 612 419 656 761 383 643 525 314 613 618 748 801 533 489 628 0 346 369 285 751 239 138 509 27 465
232 265 440 816 295 312 443 327 789 102 355 450 292 314 406 583 593 594 367 285 346 0 33 452 689 586 367 295 368 321
202 241 448 848 287 278 476 320 820 125 322 479 326 318 423 603 608 627 395 271 369 33 0 485 716 608 397 316 389 348
656 693 624 477 645 764 182 659 482 418 806 325 200 583 501 569 649 255 338 668 285 452 485 0 505 365 147 426 304 343
918 785 462 264 653 941 334 639 201 591 990 243 451 543 358 225 325 278 321 703 751 689 716 505 0 870 623 418 776 367
688 850 922 807 865 842 544 890 826 616 870 680 496 840 818 920 988 609 669 866 239 586 608 365 870 0 279 718 219 657
541 628 645 622 612 667 289 633 623 365 706 410 216 573 538 645 710 395 391 623 138 367 397 147 623 279 0 440 159 377
510 372 204 603 259 523 299 260 560 193 571 213 232 167 115 287 305 423 126 302 509 295 316 426 418 718 440 0 537 92
476 631 735 781 653 626 443 681 782 408 656 552 342 640 646 776 829 554 517 651 27 368 389 304 776 219 159 537 0 493
550 449 280 525 348 585 207 351 486 224 634 136 161 259 162 288 336 333 47 387 465 321 348 343 367 657 377 92 493 0
