20
0 445 476 547 521 722 361 620 785 721 440 489 695 468 430 482 318 834 978 732
445 0 462 534 275 538 321 223 340 352 145 133 269 373 441 70 461 471 533 318
476 462 0 79 718 981 671 439 694 451 583 365 699 766 788 532 730 927 831 528
547 534 79 0 794 1059 750 489 746 482 659 430 762 845 867 604 808 994 871 568
521 275 718 794 0 265 190 464 431 593 135 407 283 149 250 215 345 322 617 525
722 538 981 1059 265 0 362 709 604 832 400 669 458 253 315 475 450 325 756 749
361 321 671 750 190 362 0 544 585 673 199 446 450 109 123 297 161 511 781 630
620 223 439 489 464 709 544 0 257 130 355 131 300 586 661 255 683 542 400 112
785 340 694 746 431 604 585 257 0 311 391 346 151 579 677 311 745 344 198 205
721 352 451 482 593 832 673 130 311 0 486 242 399 716 792 385 810 637 392 106
440 145 583 659 135 400 199 355 391 486 0 279 268 231 309 101 356 400 588 434
489 133 365 430 407 669 446 131 346 242 279 0 333 506 568 193 573 564 516 243
695 269 699 762 283 458 450 300 151 399 268 333 0 433 533 215 612 242 334 303
468 373 766 845 149 253 109 586 579 716 231 506 433 0 103 331 219 441 767 659
430 441 788 867 250 315 123 661 677 792 309 568 533 103 0 410 134 542 867 743
482 70 532 604 215 475 297 255 311 385 101 193 215 331 410 0 449 404 509 333
318 461 730 808 345 450 161 683 745 810 356 573 612 219 134 449 0 658 942 778
834 471 927 994 322 325 511 542 344 637 400 564 242 441 542 404 658 0 450 536
978 533 831 871 617 756 781 400 198 392 588 516 334 767 867 509 942 450 0 303
732 318 528 568 525 749 630 112 205 106 434 243 303 659 743 333 778 536 303 0
