20
0 555 130 667 675 914 393 815 145 815 932 644 526 297 778 390 85 674 725 736
555 0 450 258 979 568 675 327 500 366 627 969 816 596 828 400 524 462 695 612
130 450 0 601 777 874 475 737 69 746 902 749 619 372 826 386 164 653 752 740
667 258 601 0 890 311 629 161 665 147 369 890 743 583 649 349 608 242 503 397
675 979 777 890 0 922 316 1041 817 992 880 41 166 415 392 579 613 696 491 604
914 568 874 311 922 0 748 302 942 231 80 936 814 743 576 534 841 258 439 318
393 675 475 629 316 748 0 790 524 754 731 298 150 102 409 287 318 492 404 469
815 327 737 161 1041 302 790 0 797 73 380 1044 900 745 771 511 761 361 623 505
145 500 69 665 817 942 524 797 0 809 971 788 664 424 888 454 206 722 817 809
815 366 746 147 992 231 754 73 809 0 307 997 856 718 707 485 754 302 559 439
932 627 902 369 880 80 731 380 971 307 0 897 783 737 519 543 854 258 390 277
644 969 749 890 41 936 298 1044 788 997 897 0 152 394 420 571 585 705 511 621
526 816 619 743 166 814 150 900 664 856 783 152 0 251 361 419 457 571 412 507
297 596 372 583 415 743 102 745 424 718 737 394 251 0 485 234 218 485 453 494
778 828 826 649 392 576 409 771 888 707 519 420 361 485 0 474 695 411 148 269
390 400 386 349 579 534 287 511 454 485 543 571 419 234 474 0 311 285 374 354
85 524 164 608 613 841 318 761 206 754 854 585 457 218 695 311 0 596 640 652
674 462 653 242 696 258 492 361 722 302 258 705 571 485 411 285 596 0 263 155
725 695 752 503 491 439 404 623 817 559 390 511 412 453 148 374 640 263 0 123
736 612 740 397 604 318 469 505 809 439 277 621 507 494 269 354 652 155 123 0
