30
0 492 686 358 254 545 696 478 625 404 556 435 442 390 376 431 138 332 557 129 403 503 328 107 496 596 473 260 449 257
492 0 331 356 377 731 810 144 591 248 268 347 333 298 119 921 480 537 671 610 880 128 454 597 320 125 96 365 111 546
686 331 0 368 669 652 663 474 408 283 132 296 281 310 410 1069 731 548 562 815 1088 454 762 771 220 231 262 449 441 604
358 356 368 0 458 375 468 450 298 116 239 79 90 66 313 703 450 194 322 482 743 455 562 423 151 389 272 98 404 236
254 377 669 458 0 755 890 294 756 435 560 513 511 451 265 646 147 527 742 312 546 325 104 348 544 502 410 380 287 476
545 731 652 375 755 0 161 821 282 485 555 396 412 434 681 649 681 227 98 616 788 828 851 531 455 750 644 397 775 288
696 810 663 468 890 161 0 917 256 562 593 462 477 515 780 805 829 367 148 775 949 920 990 690 503 805 717 515 871 439
478 144 474 450 294 821 917 0 715 360 409 462 450 404 140 907 426 609 773 579 834 31 348 586 449 255 232 430 46 598
625 591 408 298 756 282 256 715 0 356 348 256 266 319 588 869 736 319 184 734 964 712 861 659 271 566 494 382 669 406
404 248 283 116 435 485 562 360 356 0 152 101 90 50 231 789 464 309 422 534 804 359 537 488 109 273 159 170 313 342
556 268 132 239 560 555 593 409 348 152 0 173 156 178 315 937 609 425 473 685 956 397 658 639 101 218 177 317 369 476
435 347 296 79 513 396 462 462 256 101 173 0 17 63 331 781 520 252 326 561 822 461 618 502 76 354 254 176 415 308
442 333 281 90 511 412 477 450 266 90 156 17 0 59 322 793 522 268 341 568 831 448 615 511 61 337 239 184 404 322
390 298 310 66 451 434 515 404 319 50 178 63 59 0 270 758 465 261 373 518 785 405 556 466 106 323 210 139 357 300
376 119 410 313 265 681 780 140 588 231 315 331 322 270 0 807 361 469 635 492 761 151 353 483 331 239 148 290 95 462
431 921 1069 703 646 649 805 907 869 789 937 781 793 758 807 0 498 558 720 334 210 933 674 324 854 1019 891 620 881 480
138 480 731 450 147 681 829 426 736 464 609 520 522 465 361 498 0 462 686 165 407 456 196 210 569 599 489 356 409 393
332 537 548 194 527 227 367 609 319 309 425 252 268 261 469 558 462 0 225 425 644 620 625 345 327 582 462 178 564 87
557 671 562 322 742 98 148 773 184 422 473 326 341 373 635 720 686 225 0 645 842 777 843 562 376 677 580 367 726 304
129 610 815 482 312 616 775 579 734 534 685 561 568 518 492 334 165 425 645 0 274 606 351 85 624 720 599 385 556 340
403 880 1088 743 546 788 949 834 964 804 956 822 831 785 761 210 407 644 842 274 0 863 544 320 889 993 873 647 817 557
503 128 454 455 325 828 920 31 712 359 397 461 448 405 151 933 456 620 777 606 863 0 379 611 443 231 222 441 57 613
328 454 762 562 104 851 990 348 861 537 658 618 615 556 353 674 196 625 843 351 544 379 0 406 647 580 500 484 353 568
107 597 771 423 348 531 690 586 659 488 639 502 511 466 483 324 210 345 562 85 320 611 406 0 570 698 572 327 557 259
496 320 220 151 544 455 503 449 271 109 101 76 61 106 331 854 569 327 376 624 889 443 647 570 0 302 223 242 404 384
596 125 231 389 502 750 805 255 566 273 218 354 337 323 239 1019 599 582 677 720 993 231 580 698 302 0 128 426 232 608
473 96 262 272 410 644 717 232 494 159 177 254 239 210 148 891 489 462 580 599 873 222 500 572 223 128 0 300 191 482
260 365 449 98 380 397 515 430 382 170 317 176 184 139 290 620 356 178 367 385 647 441 484 327 242 426 300 0 386 182
449 111 441 404 287 775 871 46 669 313 369 415 404 357 95 881 409 564 726 556 817 57 353 557 404 232 191 386 0 556
257 546 604 236 476 288 439 598 406 342 476 308 322 300 462 480 393 87 304 340 557 613 568 259 384 608 482 182 556 0
