30
0 348 221 308 480 416 627 327 354 249 717 487 335 686 318 488 173 378 90 131 420 678 710 634 212 513 459 210 783 372
348 0 557 316 251 504 452 56 686 424 371 362 13 640 327 220 184 482 259 457 521 673 362 608 559 362 477 142 436 501
221 557 0 403 633 410 839 543 273 399 915 696 543 712 408 709 392 530 302 203 402 839 919 654 127 725 488 426 982 511
308 316 403 0 248 187 754 346 638 533 580 640 310 387 12 535 299 646 264 434 205 912 618 340 477 651 175 288 646 650
480 251 633 248 0 395 684 306 834 640 346 609 256 421 250 440 374 719 401 610 416 923 406 403 683 606 327 338 409 734
416 504 410 187 395 0 938 533 679 663 742 818 497 302 177 722 465 788 406 520 21 1072 792 244 520 832 94 463 805 785
627 452 839 754 684 938 0 410 818 481 574 143 454 1091 766 244 488 404 572 653 952 335 481 1061 772 114 924 478 602 438
327 56 543 346 306 533 410 0 651 375 407 311 50 687 358 192 154 427 240 425 548 618 385 653 533 314 514 117 471 447
354 686 273 638 834 679 818 651 0 338 1057 679 672 979 646 767 501 429 439 230 674 710 1035 922 161 715 752 543 1122 398
249 424 399 533 640 663 481 375 338 0 776 340 413 920 545 444 265 133 269 196 668 442 734 871 303 376 698 301 835 123
717 371 915 580 346 742 574 407 1057 776 0 577 384 725 585 375 555 800 627 828 762 892 105 723 929 552 673 513 67 827
487 362 696 640 609 818 143 311 679 340 577 0 360 998 653 203 358 280 437 509 831 323 500 962 628 37 814 355 619 314
335 13 543 310 256 497 454 50 672 413 384 360 0 639 321 225 170 473 245 443 514 668 375 607 546 361 473 128 450 491
686 640 712 387 421 302 1091 687 979 920 725 998 639 0 375 852 681 1033 651 805 312 1289 807 58 819 1001 230 663 775 1037
318 327 408 12 250 177 766 358 646 545 585 653 321 375 0 546 312 659 276 444 195 925 625 327 485 664 162 301 651 662
488 220 709 535 440 722 244 192 767 444 375 203 225 852 546 0 319 438 410 558 739 524 306 824 676 183 697 292 421 467
173 184 392 299 374 465 488 154 501 265 555 358 170 681 312 319 0 357 91 273 476 613 540 637 378 376 474 42 620 367
378 482 530 646 719 788 404 427 429 133 800 280 473 1033 659 438 357 0 385 327 794 309 743 986 427 318 816 385 854 33
90 259 302 264 401 406 572 240 439 269 627 437 245 651 276 410 91 385 0 210 415 666 620 602 302 459 431 123 693 386
131 457 203 434 610 520 653 425 230 196 828 509 443 805 444 558 273 327 210 0 520 636 810 750 119 541 575 314 893 309
420 521 402 205 416 21 952 548 674 668 762 831 514 312 195 739 476 794 415 520 0 1081 812 254 516 845 113 476 826 791
678 673 839 912 923 1072 335 618 710 442 892 323 668 1289 925 524 613 309 666 636 1081 0 806 1248 733 341 1087 626 928 329
710 362 919 618 406 792 481 385 1035 734 105 500 375 807 625 306 540 743 620 810 812 806 0 800 918 472 732 500 121 771
634 608 654 340 403 244 1061 653 922 871 723 962 607 58 327 824 637 986 602 750 254 1248 800 0 762 967 175 621 776 989
212 559 127 477 683 520 772 533 161 303 929 628 546 819 485 676 378 427 302 119 516 733 918 762 0 660 590 418 996 404
513 362 725 651 606 832 114 314 715 376 552 37 361 1001 664 183 376 318 459 541 845 341 472 967 660 0 824 369 592 351
459 477 488 175 327 94 924 514 752 698 673 814 473 230 162 697 474 816 431 575 113 1087 732 175 590 824 0 464 734 817
210 142 426 288 338 463 478 117 543 301 513 355 128 663 301 292 42 385 123 314 476 626 500 621 418 369 464 0 579 397
783 436 982 646 409 805 602 471 1122 835 67 619 450 775 651 421 620 854 693 893 826 928 121 776 996 592 734 579 0 881
372 501 511 650 734 785 438 447 398 123 827 314 491 1037 662 467 367 33 386 309 791 329 771 989 404 351 817 397 881 0
