20
0 651 418 619 437 979 880 690 719 351 583 919 426 504 922 813 579 1023 605 476
651 0 452 53 572 509 526 256 205 313 309 640 485 234 274 241 443 688 585 722
418 452 0 456 121 937 907 340 625 227 210 995 606 480 662 494 685 1072 787 780
619 53 456 0 577 487 490 298 175 292 335 600 432 181 316 294 390 653 532 669
437 572 121 577 0 1058 1024 438 746 336 309 1108 698 595 773 595 791 1189 884 852
979 509 937 487 1058 0 165 753 313 739 818 268 595 489 517 666 437 234 519 762
880 526 907 490 1024 165 0 782 322 691 823 125 470 430 612 726 308 165 364 611
690 256 340 298 438 753 782 0 460 352 130 896 675 445 347 157 674 942 810 902
719 205 625 175 746 313 322 460 0 436 510 439 421 216 341 412 317 482 456 647
351 313 227 292 336 739 691 352 436 0 269 772 387 261 576 462 458 854 563 585
583 309 210 335 309 818 823 130 510 269 0 928 636 437 466 286 666 988 793 849
919 640 995 600 1108 268 125 896 439 772 928 0 494 514 738 848 342 113 346 587
426 485 606 432 698 595 470 675 421 387 636 494 0 250 734 721 161 601 190 237
504 234 480 181 595 489 430 445 216 261 437 514 250 0 489 473 231 593 364 487
922 274 662 316 773 517 612 347 341 576 466 738 734 489 0 199 654 745 796 970
813 241 494 294 595 666 726 157 412 462 286 848 721 473 199 0 684 877 826 957
579 443 685 390 791 437 308 674 317 458 666 342 161 231 654 684 0 444 143 342
1023 688 1072 653 1189 234 165 942 482 854 988 113 601 593 745 877 444 0 459 700
605 585 787 532 884 519 364 810 456 563 793 346 190 364 796 826 143 459 0 246
476 722 780 669 852 762 611 902 647 585 849 587 237 487 970 957 342 700 246 0
