10
0 514 787 314 835 47 333 746 620 559
514 0 600 221 344 499 569 232 119 65
787 600 0 564 823 809 532 670 548 652
314 221 564 0 565 310 361 451 311 280
835 344 823 565 0 810 912 154 302 285
47 499 809 310 810 0 374 728 608 539
333 569 532 361 912 374 0 781 626 633
746 232 670 451 154 728 781 0 156 190
620 119 548 311 302 608 626 156 0 127
559 65 652 280 285 539 633 190 127 0
