15
0 706 275 785 117 468 612 714 712 693 600 773 664 245 150
706 0 948 408 808 247 247 931 397 478 111 317 300 759 760
275 948 0 936 157 700 807 646 861 967 849 949 938 236 189
785 408 936 0 845 406 219 646 75 863 443 95 692 703 758
117 808 157 845 0 564 691 675 770 809 705 845 781 202 101
468 247 700 406 564 0 188 745 353 506 161 354 365 513 512
612 247 807 219 691 188 0 688 175 656 242 169 492 589 619
714 931 646 646 675 745 688 0 596 1230 891 720 1109 476 579
712 397 861 75 770 353 175 596 0 830 414 123 664 628 683
693 478 967 863 809 506 656 1230 830 0 419 782 178 878 821
600 111 849 443 705 161 242 891 414 419 0 364 250 671 663
773 317 949 95 845 354 169 720 123 782 364 0 608 722 765
664 300 938 692 781 365 492 1109 664 178 250 608 0 809 771
245 759 236 703 202 513 589 476 628 878 671 722 809 0 103
150 760 189 758 101 512 619 579 683 821 663 765 771 103 0
