15
0 737 986 260 893 1013 174 764 901 709 710 220 740 372 638
737 0 591 723 1007 1026 785 642 975 1090 951 588 25 852 856
986 591 0 804 632 570 920 306 582 894 703 766 565 850 644
260 723 804 0 633 755 120 543 642 475 451 152 717 148 378
893 1007 632 633 0 154 737 380 53 357 204 723 987 555 255
1013 1026 570 755 154 0 866 383 119 511 354 827 1004 694 387
174 785 920 120 737 866 0 663 750 534 546 197 783 198 482
764 642 306 543 380 383 663 0 340 591 403 548 620 560 338
901 975 582 642 53 119 750 340 0 402 235 722 954 575 269
709 1090 894 475 357 511 534 591 402 0 193 617 1076 338 257
710 951 703 451 204 354 546 403 235 193 0 563 934 356 96
220 588 766 152 723 827 197 548 722 617 563 0 586 300 477
740 25 565 717 987 1004 783 620 954 1076 934 586 0 844 840
372 852 850 148 555 694 198 560 575 338 356 300 844 0 307
638 856 644 378 255 387 482 338 269 257 96 477 840 307 0
