30
0 624 345 389 257 697 780 195 762 155 592 340 93 341 548 200 355 608 349 208 331 369 415 567 487 639 936 583 134 576
624 0 964 365 791 265 191 625 163 471 586 469 541 292 324 825 439 744 309 454 572 393 734 656 137 716 313 116 751 524
345 964 0 724 244 998 1125 456 1106 500 873 655 422 673 831 150 676 833 694 549 608 700 609 714 827 766 1277 910 248 874
389 365 724 0 632 572 451 298 443 255 287 106 349 267 516 574 75 407 107 181 209 30 369 739 266 815 629 401 479 241
257 791 244 632 0 782 969 444 946 378 849 596 284 500 608 213 607 859 570 452 588 616 652 471 660 525 1103 719 270 833
697 265 998 572 782 0 408 767 378 569 830 663 603 372 176 881 637 975 482 590 759 594 923 491 306 532 426 174 831 771
780 191 1125 451 969 408 0 744 30 625 588 557 705 469 508 980 525 761 437 588 657 482 806 844 309 902 180 301 898 526
195 625 456 298 444 767 744 0 732 209 420 207 239 395 649 310 234 415 316 177 152 269 221 740 497 815 916 621 210 417
762 163 1106 443 946 378 30 732 0 607 594 550 685 445 478 963 518 766 422 574 651 474 802 814 286 872 185 272 882 532
155 471 500 255 378 569 625 209 607 0 502 240 93 199 441 356 243 561 197 83 277 242 413 549 334 626 781 439 279 473
592 586 873 287 849 830 588 420 594 502 0 262 587 554 798 730 263 175 395 419 267 281 310 1024 528 1100 764 656 630 62
340 469 655 106 596 663 557 207 550 240 262 0 325 326 589 505 31 338 181 157 102 77 265 773 362 850 735 497 406 237
93 541 422 349 284 603 705 239 685 93 587 325 0 252 455 286 332 630 287 172 345 334 459 501 404 576 854 493 228 562
341 292 673 267 500 372 469 395 445 199 554 326 252 0 265 538 308 663 159 220 408 276 567 478 159 553 606 242 474 506
548 324 831 516 608 176 508 649 478 441 798 589 455 265 0 721 568 922 412 482 673 531 832 338 284 394 573 208 682 744
200 825 150 574 213 881 980 310 963 356 730 505 286 538 721 0 526 703 547 400 463 550 483 661 688 723 1137 779 100 727
355 439 676 75 607 637 525 234 518 243 263 31 332 308 568 526 0 354 157 160 134 46 295 764 334 841 703 469 428 230
608 744 833 407 859 975 761 415 766 561 175 338 630 663 922 703 354 0 509 483 285 390 224 1108 669 1184 938 802 608 235
349 309 694 107 570 482 437 316 422 197 395 181 287 159 412 547 157 509 0 151 277 119 441 634 187 709 604 319 461 347
208 454 549 181 452 590 588 177 574 83 419 157 172 220 482 400 160 483 151 0 204 163 352 624 322 701 754 443 311 391
331 572 608 209 588 759 657 152 651 277 267 102 345 408 673 463 134 285 277 204 0 180 164 826 462 903 836 596 362 266
369 393 700 30 616 594 482 269 474 242 281 77 334 276 531 550 46 390 119 163 180 0 341 742 290 818 659 425 454 240
415 734 609 369 652 923 806 221 802 413 310 265 459 567 832 483 295 224 441 352 164 341 0 958 626 1034 986 760 391 341
567 656 714 739 471 491 844 740 814 549 1024 773 501 478 338 661 764 1108 634 624 826 742 958 0 581 76 909 542 670 981
487 137 827 266 660 306 309 497 286 334 528 362 404 159 284 688 334 669 187 322 462 290 626 581 0 649 450 135 614 470
639 716 766 815 525 532 902 815 872 626 1100 850 576 553 394 723 841 1184 709 701 903 818 1034 76 649 0 957 601 738 1056
936 313 1277 629 1103 426 180 916 185 781 764 735 854 606 573 1137 703 938 604 754 836 659 986 909 450 957 0 392 1059 703
583 116 910 401 719 174 301 621 272 439 656 497 493 242 208 779 469 802 319 443 596 425 760 542 135 601 392 0 716 596
134 751 248 479 270 831 898 210 882 279 630 406 228 474 682 100 428 608 461 311 362 454 391 670 614 738 1059 716 0 627
576 524 874 241 833 771 526 417 532 473 62 237 562 506 744 727 230 235 347 391 266 240 341 981 470 1056 703 596 627 0
