30
0 451 555 278 539 816 574 646 237 259 254 445 228 300 248 497 467 443 330 665 744 271 740 271 321 641 550 307 381 186
451 0 545 435 746 406 288 448 229 338 492 455 650 150 234 133 745 292 183 473 467 711 296 666 524 689 160 454 821 279
555 545 0 278 1081 918 828 976 561 698 782 113 562 502 587 677 1020 252 391 1001 1011 773 766 817 272 1127 467 804 867 562
278 435 278 0 812 842 673 795 343 458 516 174 313 324 369 543 745 247 252 818 860 501 720 538 89 883 447 549 600 325
539 746 1081 812 0 898 619 540 561 418 298 968 678 652 541 680 122 910 753 539 673 478 923 358 860 239 902 297 503 537
816 406 918 842 898 0 285 378 579 608 752 845 1035 537 568 319 951 670 590 391 273 1044 163 967 930 734 451 681 1146 629
574 288 828 673 619 285 0 166 350 337 471 731 801 349 331 154 666 578 443 191 187 776 312 690 760 482 424 397 873 393
646 448 976 795 540 378 166 0 454 387 478 874 872 480 430 317 614 731 585 25 133 801 455 697 879 356 590 396 886 485
237 229 561 343 561 579 350 454 0 145 279 449 457 94 27 259 539 354 192 477 532 485 506 437 425 568 361 264 594 52
259 338 698 458 418 608 337 387 145 0 156 585 485 234 122 312 407 499 338 406 493 438 573 359 530 429 488 120 538 135
254 492 782 516 298 752 471 478 279 156 0 669 440 373 264 467 260 616 463 491 601 323 728 221 571 390 637 82 409 245
445 455 113 174 968 845 731 874 449 585 669 0 477 396 476 584 909 176 289 899 917 675 702 711 193 1014 404 690 773 449
228 650 562 313 678 1035 801 872 457 485 440 477 0 503 472 715 576 552 495 891 973 237 946 329 289 828 718 511 311 410
300 150 502 324 652 537 349 480 94 234 373 396 503 0 111 223 633 275 113 504 536 563 443 526 412 642 268 354 673 137
248 234 587 369 541 568 331 430 27 122 264 476 472 111 0 250 522 378 216 452 511 487 502 433 450 542 374 243 595 62
497 133 677 543 680 319 154 317 259 312 467 584 715 223 250 0 701 425 300 342 334 734 261 668 632 589 274 410 840 310
467 745 1020 745 122 951 666 614 539 407 260 909 576 633 522 701 0 872 723 616 747 364 955 248 784 352 895 292 382 504
443 292 252 247 910 670 578 731 354 499 616 176 552 275 378 425 872 0 162 757 759 706 526 712 316 917 228 616 813 373
330 183 391 252 753 590 443 585 192 338 463 289 495 113 216 300 723 162 0 610 629 601 470 586 340 755 224 457 712 218
665 473 1001 818 539 391 191 25 477 406 491 899 891 504 452 342 616 757 610 0 135 814 475 709 902 346 615 409 898 506
744 467 1011 860 673 273 187 133 532 493 601 917 973 536 511 334 747 759 629 135 0 921 386 822 947 479 585 520 1010 571
271 711 773 501 478 1044 776 801 485 438 323 675 237 563 487 734 364 706 601 814 921 0 989 123 504 667 820 405 111 432
740 296 766 720 923 163 312 455 506 573 728 702 946 443 502 261 955 526 470 475 386 989 0 929 806 794 299 668 1097 559
271 666 817 538 358 967 690 697 437 359 221 711 329 526 433 668 248 712 586 709 822 123 929 0 561 544 792 301 189 389
321 524 272 89 860 930 760 879 425 530 571 193 289 412 450 632 784 316 340 902 947 504 806 561 0 949 528 613 595 402
641 689 1127 883 239 734 482 356 568 429 390 1014 828 642 542 589 352 917 755 346 479 667 794 544 949 0 849 336 716 565
550 160 467 447 902 451 424 590 361 488 637 404 718 268 374 274 895 228 224 615 585 820 299 792 528 849 0 608 931 405
307 454 804 549 297 681 397 396 264 120 82 690 511 354 243 410 292 616 457 409 520 405 668 301 613 336 608 0 490 245
381 821 867 600 503 1146 873 886 594 538 409 773 311 673 595 840 382 813 712 898 1010 111 1097 189 595 716 931 490 0 542
186 279 562 325 537 629 393 485 52 135 245 449 410 137 62 310 504 373 218 506 571 432 559 389 402 565 405 245 542 0
