10
0 1059 935 246 180 307 92 159 768 649
1059 0 391 1138 1107 773 1152 906 457 832
935 391 0 928 918 628 1020 776 656 498
246 1138 928 0 66 373 240 287 931 528
180 1107 918 66 0 334 183 231 880 547
307 773 628 373 334 0 395 148 572 427
92 1152 1020 240 183 395 0 249 855 707
159 906 776 287 231 148 249 0 649 529
768 457 656 931 880 572 855 649 0 861
649 832 498 528 547 427 707 529 861 0
