25
0 585 821 455 606 219 522 30 564 408 845 467 488 558 491 690 557 507 920 517 411 43 685 313 562
585 0 277 872 49 653 182 599 473 531 328 141 99 237 566 709 833 703 916 525 343 604 566 460 271
821 277 0 1012 295 835 451 840 497 808 68 356 370 493 636 706 922 784 861 578 471 831 531 612 314
455 872 1012 0 910 250 890 475 552 863 1005 730 799 943 404 498 199 281 658 465 547 412 611 413 698
606 49 295 910 0 687 156 618 522 516 352 183 119 202 613 758 878 749 965 573 389 628 615 501 320
219 653 835 250 687 0 648 244 453 618 841 514 570 698 337 515 339 307 732 382 367 177 555 227 532
522 182 451 890 156 648 0 527 595 362 507 231 138 66 655 826 892 774 1049 627 427 552 705 504 416
30 599 840 475 618 244 527 0 593 391 865 484 501 559 521 720 583 536 950 547 438 66 714 342 586
564 473 497 552 522 453 595 593 0 802 473 365 459 662 149 236 429 292 453 87 190 548 126 252 208
408 531 808 863 516 618 362 391 802 0 859 504 447 343 796 997 943 865 1234 795 612 451 928 604 688
845 328 68 1005 352 841 507 865 473 859 0 388 414 553 617 669 902 764 811 557 473 851 492 614 310
467 141 356 730 183 514 231 484 365 504 388 0 93 298 437 598 695 568 818 402 209 480 474 319 192
488 99 370 799 119 570 138 501 459 447 414 93 0 205 528 691 779 654 911 495 298 509 566 395 278
558 237 493 943 202 698 66 559 662 343 553 298 205 0 721 893 952 837 1116 693 493 590 771 565 482
491 566 636 404 613 337 655 521 149 796 617 437 528 721 0 203 286 148 440 61 229 465 221 194 328
690 709 706 498 758 515 826 720 236 997 669 598 691 893 203 0 315 225 237 205 404 661 177 397 442
557 833 922 199 878 339 892 583 429 943 902 695 779 952 286 315 0 138 459 344 490 516 455 387 613
507 703 784 281 749 307 774 536 292 865 764 568 654 837 148 225 138 0 425 207 360 472 331 275 475
920 916 861 658 965 732 1049 950 453 1234 811 818 911 1116 440 237 459 425 0 439 635 889 351 634 645
517 525 578 465 573 382 627 547 87 795 557 402 495 693 61 205 344 207 439 0 200 495 173 207 275
411 343 471 547 389 367 427 438 190 612 473 209 298 493 229 404 490 360 635 200 0 405 315 141 164
43 604 831 412 628 177 552 66 548 451 851 480 509 590 465 661 516 472 889 495 405 0 665 296 561
685 566 531 611 615 555 705 714 126 928 492 474 566 771 221 177 455 331 351 173 315 665 0 371 295
313 460 612 413 501 227 504 342 252 604 614 319 395 565 194 397 387 275 634 207 141 296 371 0 305
562 271 314 698 320 532 416 586 208 688 310 192 278 482 328 442 613 475 645 275 164 561 295 305 0
