15
0 1016 873 734 89 297 310 859 1003 978 471 1207 703 968 843
1016 0 143 335 1013 864 715 449 339 77 686 281 679 53 679
873 143 0 224 869 731 571 401 351 117 563 391 592 100 600
734 335 224 0 750 540 467 231 291 337 353 473 370 282 717
89 1013 869 750 0 368 297 896 1030 969 523 1220 760 967 781
297 864 731 540 368 0 321 605 769 846 205 1002 413 812 910
310 715 571 467 297 321 0 644 756 672 346 928 577 670 593
859 449 401 231 896 605 644 0 180 488 401 441 263 406 948
1003 339 351 291 1030 769 756 180 0 399 564 262 443 311 946
978 77 117 337 969 846 672 488 399 0 680 357 699 87 602
471 686 563 353 523 205 346 401 564 680 0 802 240 633 866
1207 281 391 473 1220 1002 928 441 262 357 802 0 705 297 960
703 679 592 370 760 413 577 263 443 699 240 705 0 629 1033
968 53 100 282 967 812 670 406 311 87 633 297 629 0 672
843 679 600 717 781 910 593 948 946 602 866 960 1033 672 0
