20
0 280 924 553 273 705 676 716 390 299 423 640 814 394 433 381 342 456 354 314
280 0 1130 783 520 789 871 805 511 155 703 678 1052 274 680 641 343 659 537 549
924 1130 0 378 954 532 260 514 638 1024 699 667 209 989 509 918 843 474 593 993
553 783 378 0 581 462 176 456 355 701 355 530 269 699 131 562 551 145 263 623
273 520 954 581 0 883 746 890 582 571 286 853 794 667 451 124 599 549 499 49
705 789 532 462 883 0 348 20 315 643 762 146 610 561 520 919 446 374 384 933
676 871 260 176 746 348 0 336 378 763 531 455 266 732 297 736 584 220 334 790
716 805 514 456 890 20 336 0 326 661 763 167 597 580 519 924 463 374 391 940
390 511 638 355 582 315 378 326 0 388 522 272 608 355 325 636 206 210 116 632
299 155 1024 701 571 643 763 661 388 0 693 527 969 123 616 681 198 564 440 609
423 703 699 355 286 762 531 763 522 693 0 780 520 751 247 221 634 388 408 313
640 678 667 530 853 146 455 167 272 527 780 0 721 432 555 908 337 411 375 903
814 1052 209 269 794 610 266 597 608 969 520 721 0 960 380 741 811 406 529 828
394 274 989 699 667 561 732 580 355 123 751 432 960 0 634 769 149 555 435 708
433 680 509 131 451 520 297 519 325 616 247 555 380 634 0 439 493 146 211 494
381 641 918 562 124 919 736 924 636 681 221 908 741 769 439 0 686 561 538 118
342 343 843 551 599 446 584 463 206 198 634 337 811 149 493 686 0 406 289 645
456 659 474 145 549 374 220 374 210 564 388 411 406 555 146 561 406 0 124 596
354 537 593 263 499 384 334 391 116 440 408 375 529 435 211 538 289 124 0 548
314 549 993 623 49 933 790 940 632 609 313 903 828 708 494 118 645 596 548 0
