15
0 877 659 745 785 804 777 681 539 803 595 741 444 673 4
877 0 812 753 502 324 148 741 527 143 690 197 589 519 874
659 812 0 124 362 521 825 82 896 850 128 615 852 297 655
745 753 124 0 268 442 787 64 911 810 154 562 881 237 741
785 502 362 268 0 179 563 280 776 582 278 325 773 114 781
804 324 521 442 179 0 402 442 673 418 415 167 691 227 801
777 148 825 787 563 402 0 764 381 27 698 238 449 550 775
681 741 82 64 280 442 764 0 864 788 93 546 829 222 677
539 527 896 911 776 673 381 864 0 395 775 519 99 708 539
803 143 850 810 582 418 27 788 395 0 723 257 467 573 801
595 690 128 154 278 415 698 93 775 723 0 493 737 188 591
741 197 615 562 325 167 238 546 519 257 493 0 550 325 738
444 589 852 881 773 691 449 829 99 467 737 550 0 693 444
673 519 297 237 114 227 550 222 708 573 188 325 693 0 669
4 874 655 741 781 801 775 677 539 801 591 738 444 669 0
