25
0 397 728 422 952 981 932 551 539 497 753 1136 5 194 243 921 574 838 650 266 556 999 986 192 472
397 0 343 513 663 599 566 489 208 586 380 847 392 466 164 535 229 454 375 434 477 654 717 204 206
728 343 0 688 417 255 231 560 363 738 60 579 723 748 507 348 177 111 271 680 538 337 488 538 439
422 513 688 0 706 890 809 198 721 80 678 866 423 250 480 1000 513 775 467 155 217 825 711 421 701
952 663 417 706 0 370 277 511 763 711 357 186 949 885 799 715 434 381 304 786 490 190 74 798 824
981 599 255 890 370 0 99 729 589 926 230 461 976 987 763 380 413 144 426 909 706 193 441 793 674
932 566 231 809 277 99 0 640 591 840 186 389 928 922 727 448 358 138 341 839 617 120 349 749 670
551 489 560 198 511 729 640 0 689 203 536 668 551 418 522 897 402 629 305 313 23 642 513 480 694
539 208 363 721 763 589 591 689 0 794 419 936 534 651 300 394 350 456 517 634 675 701 827 364 90
497 586 738 80 711 926 840 203 794 0 722 861 498 317 560 1059 566 817 500 230 226 845 708 501 777
753 380 60 678 357 230 186 536 419 722 0 520 748 758 541 393 183 96 236 684 514 283 428 567 492
1136 847 579 866 186 461 389 668 936 861 520 0 1133 1060 985 836 618 519 490 959 649 270 155 985 1002
5 392 723 423 949 976 928 551 534 498 748 1133 0 197 237 915 570 833 647 268 555 995 983 187 466
194 466 748 250 885 987 922 418 651 317 758 1060 197 0 357 1000 575 852 601 105 429 967 905 290 602
243 164 507 480 799 763 727 522 300 560 541 985 237 357 0 677 378 618 498 360 516 809 846 67 244
921 535 348 1000 715 380 448 897 394 1059 393 836 915 1000 677 0 496 336 619 957 877 565 789 733 481
574 229 177 513 434 413 358 402 350 566 183 618 570 575 378 496 0 277 166 504 382 431 491 393 397
838 454 111 775 381 144 138 629 456 817 96 519 833 852 618 336 277 0 326 779 607 257 455 649 537
650 375 271 467 304 426 341 305 517 500 236 490 647 601 498 619 166 326 0 509 282 367 347 495 560
266 434 680 155 786 909 839 313 634 230 684 959 268 105 360 957 504 779 509 0 324 876 803 295 598
556 477 538 217 490 706 617 23 675 226 514 649 555 429 516 877 382 607 282 324 0 619 494 477 682
999 654 337 825 190 193 120 642 701 845 283 270 995 967 809 565 431 257 367 876 619 0 255 824 776
986 717 488 711 74 441 349 513 827 708 428 155 983 905 846 789 491 455 347 803 494 255 0 841 885
192 204 538 421 798 793 749 480 364 501 567 985 187 290 67 733 393 649 495 295 477 824 841 0 311
472 206 439 701 824 674 670 694 90 777 492 1002 466 602 244 481 397 537 560 598 682 776 885 311 0
