20
0 435 577 38 609 673 814 814 938 211 358 491 839 498 276 551 105 361 152 850
435 0 983 461 872 1013 787 1053 907 510 793 826 1173 927 690 938 419 788 549 1178
577 983 0 569 404 244 922 530 1007 483 291 252 362 156 300 84 654 232 560 381
38 461 569 0 627 679 849 832 973 238 336 500 845 482 271 549 90 347 114 857
609 872 404 627 0 220 537 205 609 407 556 178 330 514 429 321 714 471 689 328
673 1013 244 679 220 0 756 290 821 508 491 188 166 392 422 181 769 412 707 177
814 787 922 849 537 756 0 564 126 633 973 670 832 995 812 839 902 902 956 823
814 1053 530 832 205 290 564 0 595 610 737 362 286 667 625 456 919 653 893 272
938 907 1007 973 609 821 126 595 0 752 1081 759 876 1092 922 923 1027 1007 1078 864
211 510 483 238 407 508 633 610 752 0 377 320 672 464 224 431 316 332 330 680
358 793 291 336 556 491 973 737 1081 377 0 379 639 158 161 315 405 84 289 656
491 826 252 500 178 188 670 362 759 320 379 0 353 339 265 170 590 294 543 362
839 1173 362 845 330 166 832 286 876 672 639 353 0 518 586 324 935 564 870 21
498 927 156 482 514 392 995 667 1092 464 158 339 518 0 243 212 558 139 446 537
276 690 300 271 429 422 812 625 922 224 161 265 586 243 0 279 359 108 285 599
551 938 84 549 321 181 839 456 923 431 315 170 324 212 279 0 638 240 557 340
105 419 654 90 714 769 902 919 1027 316 405 590 935 558 359 638 0 428 131 947
361 788 232 347 471 412 902 653 1007 332 84 294 564 139 108 240 428 0 328 580
152 549 560 114 689 707 956 893 1078 330 289 543 870 446 285 557 131 328 0 884
850 1178 381 857 328 177 823 272 864 680 656 362 21 537 599 340 947 580 884 0
