10
0 1145 509 685 852 892 761 343 857 642
1145 0 642 596 307 893 860 942 378 875
509 642 0 370 372 623 637 414 426 559
685 596 370 0 305 972 309 388 222 286
852 307 372 305 0 814 600 635 131 591
892 893 623 972 814 0 1259 992 932 1182
761 860 637 309 600 1259 0 419 487 119
343 942 414 388 635 992 419 0 596 300
857 378 426 222 131 932 487 596 0 496
642 875 559 286 591 1182 119 300 496 0
