30
0 821 62 97 372 620 700 422 522 430 368 158 741 526 913 440 233 146 787 33 162 826 348 626 723 314 479 618 665 500
821 0 821 725 495 315 122 704 345 476 452 857 891 304 390 655 607 819 277 852 975 484 476 531 228 560 465 537 389 560
62 821 0 103 398 642 703 476 507 459 372 220 799 535 939 391 259 84 766 61 194 861 344 586 706 289 510 577 694 542
97 725 103 0 294 538 605 398 425 357 273 210 730 434 835 374 156 152 691 127 258 759 251 544 626 223 408 536 591 446
372 495 398 294 0 248 374 257 319 66 135 368 561 193 541 496 139 436 565 406 505 468 178 560 482 290 119 557 297 197
620 315 642 538 248 0 221 398 356 199 296 609 582 159 302 643 387 671 499 654 753 274 343 623 415 466 167 624 103 247
700 122 703 605 374 221 0 592 252 358 332 735 803 182 390 570 485 705 288 733 854 444 359 481 212 451 353 485 312 455
422 704 476 398 257 398 592 0 576 239 387 315 334 428 609 714 281 547 817 449 481 477 421 811 733 510 239 807 373 156
522 345 507 425 319 356 252 576 0 350 197 603 866 200 618 318 359 489 269 550 684 628 186 268 200 224 381 269 458 491
430 476 459 357 66 199 358 239 350 0 186 409 516 189 482 555 200 501 579 464 555 403 234 604 494 352 53 602 234 143
368 452 372 273 135 296 332 387 197 186 0 419 696 164 597 370 167 385 461 400 523 556 50 426 383 174 232 422 376 328
158 857 220 210 368 609 735 315 603 409 419 0 607 553 879 584 252 304 872 168 165 770 417 752 799 426 447 745 629 432
741 891 799 730 561 582 803 334 866 516 696 607 0 683 640 1044 614 875 1072 763 762 480 738 1120 986 838 486 1117 501 375
526 304 535 434 193 159 182 428 200 189 164 553 683 0 446 485 304 549 393 559 675 433 203 469 307 318 200 470 258 312
913 390 939 835 541 302 390 609 618 482 597 879 640 446 0 928 681 972 661 946 1034 160 643 869 595 763 436 872 251 457
440 655 391 374 496 643 570 714 318 555 370 584 1044 485 928 0 433 325 482 452 583 915 321 217 458 207 603 207 736 693
233 607 259 156 139 387 485 281 359 200 167 252 614 304 681 433 0 304 627 266 372 602 175 551 550 232 251 545 435 296
146 819 84 152 436 671 705 547 489 501 385 304 875 549 972 325 304 0 736 142 260 905 348 530 684 265 554 521 733 598
787 277 766 691 565 499 288 817 269 579 461 872 1072 393 661 482 627 736 0 814 949 731 455 299 85 477 594 307 597 705
33 852 61 127 406 654 733 449 550 464 400 168 763 559 946 452 266 142 814 0 137 859 379 644 751 338 512 635 698 531
162 975 194 258 505 753 854 481 684 555 523 165 762 675 1034 583 372 260 949 137 0 931 507 780 885 475 598 771 783 594
826 484 861 759 468 274 444 477 628 403 556 770 480 433 160 915 602 905 731 859 931 0 606 894 655 730 351 895 180 338
348 476 344 251 178 343 359 421 186 234 50 417 738 203 643 321 175 348 455 379 507 606 0 389 382 124 282 385 426 374
626 531 586 544 560 623 481 811 268 604 426 752 1120 469 869 217 551 530 299 644 780 894 389 0 307 328 642 10 726 748
723 228 706 626 482 415 212 733 200 494 383 799 986 307 595 458 550 684 85 751 885 655 382 307 0 420 508 313 515 619
314 560 289 223 290 466 451 510 224 352 174 426 838 318 763 207 232 265 477 338 475 730 124 328 420 0 402 321 550 487
479 465 510 408 119 167 353 239 381 53 232 447 486 200 436 603 251 554 594 512 598 351 282 642 508 402 0 640 186 111
618 537 577 536 557 624 485 807 269 602 422 745 1117 470 872 207 545 521 307 635 771 895 385 10 313 321 640 0 727 745
665 389 694 591 297 103 312 373 458 234 376 629 501 258 251 736 435 733 597 698 783 180 426 726 515 550 186 727 0 217
500 560 542 446 197 247 455 156 491 143 328 432 375 312 457 693 296 598 705 531 594 338 374 748 619 487 111 745 217 0
