30
0 508 435 245 581 692 695 520 357 328 755 219 431 277 413 218 326 511 825 313 479 103 677 561 560 311 894 615 574 429
508 0 335 355 204 648 239 97 188 441 440 301 660 260 689 290 185 312 586 317 519 491 682 235 199 709 394 408 486 84
435 335 0 190 230 902 572 422 378 162 768 255 785 207 790 291 254 85 902 125 184 354 918 186 520 734 680 703 743 274
245 355 190 0 359 785 586 411 295 126 727 101 616 101 614 145 186 266 838 69 272 171 789 330 489 546 746 626 635 272
581 204 230 359 0 852 396 301 356 386 631 363 830 304 851 376 279 162 783 294 401 528 883 49 401 839 459 613 689 209
692 648 902 785 852 0 572 557 525 911 368 683 357 708 413 640 648 922 276 807 1051 772 65 876 469 571 772 260 163 656
695 239 572 586 396 572 0 178 337 680 255 515 713 486 756 492 403 538 416 554 756 701 624 440 151 824 226 313 433 317
520 97 422 411 301 557 178 0 166 512 346 337 604 310 638 314 225 408 489 385 604 523 594 333 102 680 377 312 396 150
357 188 378 295 356 525 337 166 0 414 433 201 477 199 503 166 125 398 544 295 538 372 545 367 208 522 543 334 365 147
328 441 162 126 386 911 680 512 414 0 841 228 731 215 725 271 297 247 959 126 154 229 915 345 598 639 817 748 761 363
755 440 768 727 631 368 255 346 433 841 0 635 617 627 670 599 544 753 161 716 946 795 430 669 247 784 415 163 281 493
219 301 255 101 363 683 515 337 201 228 635 0 530 59 535 43 116 314 740 134 370 189 689 346 404 488 695 527 533 218
431 660 785 616 830 357 713 604 477 731 617 530 0 579 56 493 560 836 597 664 885 531 311 834 566 218 940 455 339 623
277 260 207 101 304 708 486 310 199 215 627 59 579 0 587 86 85 259 743 99 343 236 718 286 388 547 654 533 553 175
413 689 790 614 851 413 756 638 503 725 670 535 56 587 0 501 576 845 653 667 879 516 365 852 607 168 983 507 394 645
218 290 291 145 376 640 492 314 166 271 599 43 493 86 501 0 108 345 700 174 413 209 646 365 373 465 680 486 490 210
326 185 254 186 279 648 403 225 125 297 544 116 560 85 576 108 0 283 664 173 413 306 665 275 303 561 578 457 489 102
511 312 85 266 162 922 538 408 398 247 753 314 836 259 845 345 283 0 896 198 238 435 943 114 509 802 621 706 760 270
825 586 902 838 783 276 416 489 544 959 161 740 597 743 653 700 664 896 0 837 1076 881 342 820 387 792 565 214 269 629
313 317 125 69 294 807 554 385 295 126 716 134 664 99 667 174 173 198 837 0 244 240 817 263 472 609 700 629 652 237
479 519 184 272 401 1051 756 604 538 154 946 370 885 343 879 413 413 238 1076 244 0 379 1059 352 699 791 858 870 897 454
103 491 354 171 528 772 701 523 372 229 795 189 531 236 516 209 306 435 881 240 379 0 762 501 580 412 885 667 643 407
677 682 918 789 883 65 624 594 545 915 430 689 311 718 365 646 665 943 342 817 1059 762 0 904 512 529 829 310 198 682
561 235 186 330 49 876 440 333 367 345 669 346 834 286 852 365 275 114 820 263 352 501 904 0 434 830 508 643 713 222
560 199 520 489 401 469 151 102 208 598 247 404 566 388 607 373 303 509 387 472 699 580 512 434 0 673 376 216 314 246
311 709 734 546 839 571 824 680 522 639 784 488 218 547 168 465 561 802 792 609 791 412 529 830 673 0 1048 621 524 649
894 394 680 746 459 772 226 377 543 817 415 695 940 654 983 680 578 621 565 700 858 885 829 508 376 1048 0 522 648 478
615 408 703 626 613 260 313 312 334 748 163 527 455 533 507 486 457 706 214 629 870 667 310 643 216 621 522 0 127 435
574 486 743 635 689 163 433 396 365 761 281 533 339 553 394 490 489 760 269 652 897 643 198 713 314 524 648 127 0 493
429 84 274 272 209 656 317 150 147 363 493 218 623 175 645 210 102 270 629 237 454 407 682 222 246 649 478 435 493 0
