30
0 89 343 374 544 471 708 272 288 745 88 466 296 84 661 220 234 569 405 659 880 282 619 130 123 539 465 343 301 461
89 0 289 463 590 517 794 187 302 814 97 552 207 133 694 141 264 650 456 715 963 367 642 220 210 620 553 382 215 550
343 289 0 670 536 806 1025 178 241 830 386 682 224 416 583 168 276 901 743 1001 1043 614 504 443 412 718 771 360 182 707
374 463 670 0 531 430 357 644 488 556 412 196 670 363 677 588 423 266 365 507 583 141 686 244 264 292 102 435 673 143
544 590 536 531 0 913 830 654 313 311 633 384 705 615 145 602 327 792 840 1033 567 600 175 498 466 340 613 208 675 448
471 517 806 430 913 0 509 683 741 986 420 627 677 391 1052 653 677 344 73 210 993 316 1037 433 471 723 420 753 705 572
708 794 1025 357 830 509 0 981 843 729 723 446 1000 673 970 929 779 169 488 426 608 428 1000 586 614 504 254 780 1009 383
272 187 178 644 654 683 981 0 340 921 273 707 52 317 727 60 341 838 629 888 1102 554 656 400 381 763 737 453 29 715
288 302 241 488 313 741 843 340 0 591 370 457 391 372 397 289 68 745 670 908 801 476 340 314 275 481 590 118 362 492
745 814 830 556 311 986 729 921 591 0 826 359 969 794 371 864 580 758 919 1047 274 677 452 652 634 264 593 473 946 418
88 97 386 412 633 420 723 273 370 826 0 531 281 49 749 235 320 571 360 619 949 297 705 186 194 610 493 431 299 518
466 552 682 196 384 627 446 707 457 359 531 0 744 489 525 647 407 421 561 695 418 324 554 345 343 95 245 364 736 67
296 207 224 670 705 677 1000 52 391 969 281 744 0 329 779 104 389 852 626 884 1145 572 708 426 411 804 761 502 43 749
84 133 416 363 615 391 673 317 372 794 49 489 329 0 737 274 316 523 327 584 907 247 699 145 160 570 443 419 344 472
661 694 583 677 145 1052 970 727 397 371 749 525 779 737 0 681 430 936 979 1177 644 742 92 630 596 472 758 318 745 590
220 141 168 588 602 653 929 60 289 864 235 647 104 274 681 0 284 789 595 854 1043 503 614 344 324 703 682 398 88 656
234 264 276 423 327 677 779 341 68 580 320 407 389 316 430 284 0 677 605 841 772 408 385 247 207 442 525 119 366 436
569 650 901 266 792 344 169 838 745 758 571 421 852 523 936 789 677 0 318 302 695 287 951 457 490 503 178 701 865 354
405 456 743 365 840 73 488 629 670 919 360 561 626 327 979 595 605 318 0 259 937 245 963 360 399 657 367 680 652 509
659 715 1001 507 1033 210 426 888 908 1047 619 695 884 584 1177 854 841 302 259 0 998 441 1175 594 633 785 454 900 911 631
880 963 1043 583 567 993 608 1102 801 274 949 418 1145 907 644 1043 772 695 937 998 0 724 721 763 758 342 572 685 1130 445
282 367 614 141 600 316 428 554 476 677 297 324 572 247 742 503 408 287 245 441 724 0 735 172 207 419 199 459 582 281
619 642 504 686 175 1037 1000 656 340 452 705 554 708 699 92 614 385 951 963 1175 721 735 0 606 569 515 774 285 672 616
130 220 443 244 498 433 586 400 314 652 186 345 426 145 630 344 247 457 360 594 763 172 606 0 39 425 338 321 429 334
123 210 412 264 466 471 614 381 275 634 194 343 411 160 596 324 207 490 399 633 758 207 569 39 0 417 362 284 410 339
539 620 718 292 340 723 504 763 481 264 610 95 804 570 472 703 442 503 657 785 342 419 515 425 417 0 332 374 791 154
465 553 771 102 613 420 254 737 590 593 493 245 761 443 758 682 525 178 367 454 572 199 774 338 362 332 0 534 766 178
343 382 360 435 208 753 780 453 118 473 431 364 502 419 318 398 119 701 680 900 685 459 285 321 284 374 534 0 476 409
301 215 182 673 675 705 1009 29 362 946 299 736 43 344 745 88 366 865 652 911 1130 582 672 429 410 791 766 476 0 744
461 550 707 143 448 572 383 715 492 418 518 67 749 472 590 656 436 354 509 631 445 281 616 334 339 154 178 409 744 0
