20
0 153 564 849 938 466 342 321 531 477 906 719 305 755 392 505 264 30 576 552
153 0 454 790 807 315 238 399 399 613 779 646 235 624 240 370 134 142 600 470
564 454 0 405 396 423 222 548 121 854 356 249 269 225 311 148 489 536 508 117
849 790 405 0 534 828 560 669 525 944 484 156 557 484 709 554 863 818 442 329
938 807 396 534 0 632 602 942 407 1249 51 452 661 183 592 436 794 914 852 476
466 315 423 828 632 0 334 679 307 925 623 671 398 474 135 275 216 458 804 510
342 238 222 560 602 334 0 390 205 682 568 411 76 420 199 189 304 315 469 234
321 399 548 669 942 679 390 0 585 307 898 584 314 772 558 576 533 301 286 471
531 399 121 525 407 307 205 585 0 884 379 369 275 224 210 34 405 508 598 229
477 613 854 944 1249 925 682 307 884 0 1205 880 608 1079 823 871 739 475 511 778
906 779 356 484 51 623 568 898 379 1205 0 401 623 156 572 409 774 881 802 430
719 646 249 156 452 671 411 584 369 880 401 0 417 359 553 398 712 689 416 177
305 235 269 557 661 398 76 314 275 608 623 417 0 481 264 262 330 276 408 246
755 624 225 484 183 474 420 772 224 1079 156 359 481 0 416 253 618 731 716 323
392 240 311 709 592 135 199 558 210 823 572 553 264 416 0 175 202 377 668 384
505 370 148 554 436 275 189 576 34 871 409 398 262 253 175 0 371 483 605 249
264 134 489 863 794 216 304 533 405 739 774 712 330 618 202 371 0 263 722 534
30 142 536 818 914 458 315 301 508 475 881 689 276 731 377 483 263 0 550 522
576 600 508 442 852 804 469 286 598 511 802 416 408 716 668 605 722 550 0 395
552 470 117 329 476 510 234 471 229 778 430 177 246 323 384 249 534 522 395 0
