30
0 778 692 155 485 107 243 228 649 409 97 109 559 319 729 551 651 635 276 671 672 715 404 157 822 991 756 821 507 785
778 0 178 669 301 797 922 897 1116 427 827 668 990 923 786 443 997 198 692 1058 1134 1263 377 623 702 908 185 700 280 843
692 178 0 562 213 733 873 774 952 297 724 584 827 893 607 271 826 58 671 888 968 1104 332 536 529 738 66 527 270 665
155 669 562 0 368 246 393 236 589 267 162 95 481 459 586 398 555 506 347 588 612 689 320 89 669 845 622 669 420 646
485 301 213 368 0 521 659 596 848 139 527 376 722 681 607 249 750 155 464 804 867 984 128 328 589 802 280 587 121 672
107 797 733 246 521 0 150 326 752 470 196 167 666 214 830 626 758 675 197 777 775 809 419 211 915 1091 799 915 517 888
243 922 873 393 659 150 0 420 845 618 307 317 774 97 972 776 874 815 251 885 868 878 549 361 1063 1235 939 1063 641 1028
228 897 774 236 596 326 420 0 427 477 131 286 354 513 614 562 457 723 505 465 450 486 556 312 745 878 830 745 656 659
649 1116 952 589 848 752 845 427 0 708 555 674 126 940 475 683 164 918 919 107 23 167 866 679 648 672 986 649 948 477
409 427 297 267 139 470 618 477 708 0 429 306 583 659 496 172 612 245 469 665 727 845 196 259 510 716 356 508 248 562
97 827 724 162 527 196 307 131 555 429 0 173 471 395 677 549 568 668 374 583 578 618 465 210 786 942 784 786 568 730
109 668 584 95 376 167 317 286 674 306 173 0 570 373 678 459 648 526 253 679 697 762 296 48 752 935 648 752 400 739
559 990 827 481 722 666 774 354 126 583 471 570 0 865 384 558 111 792 820 111 144 281 745 570 554 612 862 555 824 400
319 923 893 459 681 214 97 513 940 659 395 373 865 0 1045 824 963 835 232 977 962 975 561 411 1126 1305 960 1125 645 1103
729 786 607 586 607 830 972 614 475 496 677 678 384 1045 0 363 311 598 915 375 480 642 693 650 173 265 616 174 729 65
551 443 271 398 249 626 776 562 683 172 549 459 558 824 363 0 555 245 641 617 699 838 352 415 343 555 303 342 370 427
651 997 826 555 750 758 874 457 164 612 568 648 111 963 311 555 0 799 901 65 169 330 789 642 484 514 854 486 859 313
635 198 58 506 155 675 815 723 918 245 668 526 792 835 598 245 799 0 615 859 935 1067 276 478 535 748 124 533 220 658
276 692 671 347 464 197 251 505 919 469 374 253 820 232 915 641 901 615 0 930 942 992 339 267 967 1163 738 967 415 978
671 1058 888 588 804 777 885 465 107 665 583 679 111 977 375 617 65 859 930 0 107 268 838 677 547 565 917 549 911 372
672 1134 968 612 867 775 868 450 23 727 578 697 144 962 480 699 169 935 942 107 0 161 887 702 653 671 1002 655 968 479
715 1263 1104 689 984 809 878 486 167 845 618 762 281 975 642 838 330 1067 992 268 161 0 988 777 815 828 1142 816 1076 641
404 377 332 320 128 419 549 556 866 196 465 296 745 561 693 352 789 276 339 838 887 988 0 255 696 907 399 695 103 758
157 623 536 89 328 211 361 312 679 259 210 48 570 411 650 415 642 478 267 677 702 777 255 0 717 904 600 716 358 713
822 702 529 669 589 915 1063 745 648 510 786 752 554 1126 173 343 484 535 967 547 653 815 696 717 0 214 520 2 708 189
991 908 738 845 802 1091 1235 878 672 716 942 935 612 1305 265 555 514 748 1163 565 671 828 907 904 214 0 723 216 922 219
756 185 66 622 280 799 939 830 986 356 784 648 862 960 616 303 854 124 738 917 1002 1142 399 600 520 723 0 517 333 670
821 700 527 669 587 915 1063 745 649 508 786 752 555 1125 174 342 486 533 967 549 655 816 695 716 2 216 517 0 707 191
507 280 270 420 121 517 641 656 948 248 568 400 824 645 729 370 859 220 415 911 968 1076 103 358 708 922 333 707 0 794
785 843 665 646 672 888 1028 659 477 562 730 739 400 1103 65 427 313 658 978 372 479 641 758 713 189 219 670 191 794 0
