30
0 786 860 130 884 556 255 365 911 380 190 754 590 672 608 1055 766 337 117 554 94 661 528 783 525 343 446 564 673 853
786 0 335 672 303 271 553 856 351 406 598 107 220 279 430 313 218 829 820 616 773 352 311 755 592 492 392 554 716 672
860 335 0 730 53 329 605 780 51 538 679 239 470 192 723 288 550 763 847 887 810 660 554 492 856 516 416 831 1007 374
130 672 730 0 755 431 126 324 781 272 79 632 489 542 552 930 675 292 153 541 103 591 439 675 508 213 317 536 673 734
884 303 53 755 0 340 628 822 48 549 700 216 459 212 707 235 521 804 877 878 838 640 546 546 848 542 438 820 993 426
556 271 329 431 340 0 305 584 375 209 367 205 210 141 451 499 383 558 569 585 524 416 263 554 552 229 123 537 716 517
255 553 605 126 628 305 0 358 655 171 82 507 386 416 498 804 579 325 266 531 220 519 353 600 495 90 191 511 670 639
365 856 780 324 822 584 358 0 830 526 384 781 728 633 855 1041 925 33 253 864 272 877 709 505 830 377 465 855 997 619
911 351 51 781 48 375 655 830 0 585 729 264 504 241 754 253 569 814 898 923 861 688 591 524 893 567 466 866 1040 398
380 406 538 272 549 209 171 526 585 0 194 384 217 349 344 687 408 494 424 421 375 353 183 673 385 163 162 386 561 674
190 598 679 79 700 367 82 384 729 194 0 564 410 488 477 865 595 351 233 482 183 513 360 679 447 170 263 470 617 721
754 107 239 632 216 205 507 781 264 384 564 0 248 175 491 303 312 757 773 666 728 423 339 648 638 434 328 607 778 565
590 220 470 489 459 210 386 728 504 217 410 248 0 321 254 529 196 698 642 418 593 207 93 765 390 351 283 361 536 723
672 279 192 542 212 141 416 633 241 349 488 175 321 0 574 410 455 611 666 721 627 526 392 477 688 329 225 669 849 409
608 430 723 552 707 451 498 855 754 344 477 491 254 574 0 738 254 822 696 192 648 89 188 995 177 508 483 129 287 968
1055 313 288 930 235 499 804 1041 253 687 865 303 529 410 738 0 500 1021 1066 927 1023 655 622 778 904 725 617 865 1020 650
766 218 550 675 521 383 579 925 569 408 595 312 196 455 254 500 0 895 828 446 779 165 237 927 431 548 475 383 523 864
337 829 763 292 804 558 325 33 814 494 351 757 698 611 822 1021 895 0 227 831 243 845 677 510 797 347 437 822 965 618
117 820 847 153 877 569 266 253 898 424 233 773 642 666 696 1066 828 227 0 662 49 740 592 706 631 340 449 666 785 791
554 616 887 541 878 585 531 864 923 421 482 666 418 721 192 927 446 831 662 0 619 280 332 1095 36 571 582 63 139 1091
94 773 810 103 838 524 220 272 861 375 183 728 593 627 648 1023 779 243 49 619 0 691 543 696 588 298 406 621 745 772
661 352 660 591 640 416 519 877 688 353 513 423 207 526 89 655 165 845 740 280 691 0 173 970 266 514 471 218 365 930
528 311 554 439 546 263 353 709 591 183 360 339 93 392 188 622 237 677 592 332 543 173 0 807 302 341 299 278 457 779
783 755 492 675 546 554 600 505 524 673 679 648 765 477 995 778 927 510 706 1095 696 970 807 0 1059 533 515 1058 1234 149
525 592 856 508 848 552 495 830 893 385 447 638 390 688 177 904 431 797 631 36 588 266 302 1059 0 535 546 54 176 1056
343 492 516 213 542 229 90 377 567 163 170 434 351 329 508 725 548 347 340 571 298 514 341 533 535 0 108 543 711 558
446 392 416 317 438 123 191 465 466 162 263 328 283 225 483 617 475 437 449 582 406 471 299 515 546 108 0 543 720 512
564 554 831 536 820 537 511 855 866 386 470 607 361 669 129 865 383 822 666 63 621 218 278 1058 54 543 543 0 179 1047
673 716 1007 673 993 716 670 997 1040 561 617 778 536 849 287 1020 523 965 785 139 745 365 457 1234 176 711 720 179 0 1226
853 672 374 734 426 517 639 619 398 674 721 565 723 409 968 650 864 618 791 1091 772 930 779 149 1056 558 512 1047 1226 0
