30
0 646 861 115 317 905 682 211 449 593 509 336 460 396 884 1043 969 205 781 375 324 595 776 411 545 219 612 295 287 378
646 0 379 687 329 617 853 438 503 142 316 479 406 363 500 536 551 771 660 288 631 60 290 325 785 824 36 757 813 467
861 379 0 852 575 291 737 693 501 521 355 563 430 708 148 183 174 906 429 502 690 374 95 671 733 1072 405 839 915 526
115 687 852 0 361 858 581 279 395 656 496 295 429 486 855 1031 942 97 716 401 236 631 774 495 443 288 656 181 174 336
317 329 575 361 0 690 681 119 332 300 260 239 272 220 631 758 709 450 630 74 365 277 483 202 574 509 297 459 503 257
905 617 291 858 690 0 543 792 463 748 430 569 447 877 144 329 178 883 203 618 643 590 343 844 590 1124 633 785 864 527
682 853 737 581 681 543 0 709 361 920 536 443 452 899 639 853 708 543 340 647 362 796 720 884 138 865 843 417 480 426
211 438 693 279 119 792 709 0 388 383 365 276 353 214 742 877 823 376 710 191 360 391 602 217 587 390 404 415 442 307
449 503 501 395 332 463 361 388 0 560 193 118 97 552 472 667 559 424 333 288 191 444 446 532 281 667 490 340 418 81
593 142 521 656 300 748 920 383 560 0 394 506 469 248 638 678 692 748 768 291 651 158 430 213 835 744 117 757 803 506
509 316 355 496 260 430 536 365 193 394 0 213 96 457 379 536 462 555 387 188 356 260 280 427 473 725 307 500 571 183
336 479 563 295 239 569 443 276 118 506 213 0 134 456 560 739 646 343 450 216 151 419 493 441 336 555 458 289 358 42
460 406 430 429 272 447 452 353 97 469 96 134 0 488 427 605 513 476 359 214 264 348 365 463 379 680 393 411 485 96
396 363 708 486 220 877 899 214 552 248 457 456 488 0 796 883 865 584 840 274 565 342 612 38 786 509 328 630 654 476
884 500 148 855 631 144 639 742 472 638 379 560 427 796 0 214 86 896 308 556 663 482 213 760 659 1102 521 812 890 519
1043 536 183 1031 758 329 853 877 667 678 536 739 605 883 214 0 151 1082 519 685 858 542 275 844 871 1256 567 1007 1085 701
969 551 174 942 709 178 708 823 559 692 462 646 513 865 86 151 0 982 371 635 749 540 262 828 737 1186 575 897 976 605
205 771 906 97 450 883 543 376 424 748 555 343 476 584 896 1082 982 0 724 483 240 714 835 592 406 327 742 125 84 380
781 660 429 716 630 203 340 710 333 768 387 450 359 840 308 519 371 724 0 566 485 616 442 813 393 997 664 614 693 411
375 288 502 401 74 618 647 191 288 291 188 216 214 274 556 685 635 483 566 0 360 230 411 249 550 576 259 473 526 222
324 631 690 236 365 643 362 360 191 651 356 151 264 565 663 858 749 240 485 360 0 570 628 558 231 524 609 149 227 173
595 60 374 631 277 590 796 391 444 158 260 419 348 342 482 542 540 714 616 230 570 0 279 303 726 779 48 697 754 407
776 290 95 774 483 343 720 602 446 430 280 493 365 612 213 275 262 835 442 411 628 279 0 575 698 985 313 776 849 459
411 325 671 495 202 844 884 217 532 213 427 441 463 38 760 844 828 592 813 249 558 303 575 0 775 537 289 631 660 459
545 785 733 443 574 590 138 587 281 835 473 336 379 786 659 871 737 406 393 550 231 726 698 775 0 727 771 280 346 329
219 824 1072 288 509 1124 865 390 667 744 725 555 680 509 1102 1256 1186 327 997 576 524 779 985 537 727 0 788 451 406 598
612 36 405 656 297 633 843 404 490 117 307 458 393 328 521 567 575 742 664 259 609 48 313 289 771 788 0 731 786 449
295 757 839 181 459 785 417 415 340 757 500 289 411 630 812 1007 897 125 614 473 149 697 776 631 280 451 731 0 79 317
287 813 915 174 503 864 480 442 418 803 571 358 485 654 890 1085 976 84 693 526 227 754 849 660 346 406 786 79 0 390
378 467 526 336 257 527 426 307 81 506 183 42 96 476 519 701 605 380 411 222 173 407 459 459 329 598 449 317 390 0
