30
0 409 637 229 435 313 386 133 223 312 498 515 451 544 514 361 520 317 327 479 277 313 457 686 617 715 375 371 464 427
409 0 248 181 473 712 22 527 495 591 794 464 543 137 356 742 157 91 435 285 297 578 737 438 339 465 405 45 73 458
637 248 0 420 700 920 268 763 743 749 938 668 621 123 344 984 120 331 554 289 442 826 985 544 448 563 497 272 178 685
229 181 420 0 393 537 158 345 332 455 660 426 478 318 398 564 311 90 350 339 222 423 584 510 425 539 352 148 242 379
435 473 700 393 0 685 461 432 269 747 930 110 848 577 787 520 630 432 717 724 606 267 366 383 378 404 736 477 544 15
313 712 920 537 685 0 690 254 417 268 317 784 512 841 711 293 800 622 448 703 495 459 524 990 927 1018 521 670 758 682
386 22 268 158 461 690 0 504 475 572 776 456 531 159 356 720 173 69 420 285 282 559 718 445 346 472 394 30 91 446
133 527 763 345 432 254 504 0 168 366 516 530 552 664 645 227 649 436 439 613 408 232 350 744 688 771 495 493 587 427
223 495 743 332 269 417 475 168 0 519 682 373 674 629 704 277 641 414 548 657 478 95 254 613 573 638 590 474 565 267
312 591 749 455 747 268 572 366 519 0 205 824 245 699 479 522 631 514 208 489 308 596 711 963 880 992 281 545 615 738
498 794 938 660 930 317 776 516 682 205 0 1014 357 897 639 610 824 719 384 664 505 746 835 1166 1085 1195 448 749 815 923
515 464 668 426 110 784 456 530 373 824 1014 0 900 546 803 630 615 443 769 736 648 377 471 280 291 299 778 478 529 108
451 543 621 478 848 512 531 552 674 245 357 900 0 610 292 745 519 496 131 332 258 764 901 970 875 999 137 500 537 836
544 137 123 318 577 841 159 664 629 699 897 546 610 0 367 880 103 227 521 299 392 709 866 446 346 468 476 172 84 562
514 356 344 398 787 711 356 645 704 479 639 803 292 367 0 870 265 360 271 71 237 799 957 791 689 816 198 329 317 773
361 742 984 564 520 293 720 227 277 522 610 630 745 880 870 0 872 654 646 840 633 253 247 886 850 911 709 712 807 522
520 157 120 311 630 800 173 649 641 631 824 615 519 103 265 872 0 226 441 198 323 728 888 543 442 567 389 167 86 615
317 91 331 90 432 622 69 436 414 514 719 443 496 227 360 654 226 0 377 293 239 502 662 474 380 502 361 59 153 417
327 435 554 350 717 448 420 439 548 208 384 769 131 521 271 646 441 377 0 282 138 641 783 851 758 879 73 390 441 705
479 285 289 339 724 703 285 613 657 489 664 736 332 299 71 840 198 293 282 0 211 751 911 719 618 744 216 259 245 709
277 297 442 222 606 495 282 408 478 308 505 648 258 392 237 633 323 239 138 211 0 574 728 713 619 742 130 252 310 593
313 578 826 423 267 459 559 232 95 596 746 377 764 709 799 253 728 502 641 751 574 0 161 641 614 664 684 560 650 270
457 737 985 584 366 524 718 350 254 711 835 471 901 866 957 247 888 662 783 911 728 161 0 750 740 770 832 721 809 375
686 438 544 510 383 990 445 744 613 963 1166 280 970 446 791 886 543 474 851 719 713 641 750 0 101 29 835 475 475 376
617 339 448 425 378 927 346 688 573 880 1085 291 875 346 689 850 442 380 758 618 619 614 740 101 0 127 739 377 373 367
715 465 563 539 404 1018 472 771 638 992 1195 299 999 468 816 911 567 502 879 744 742 664 770 29 127 0 863 502 500 397
375 405 497 352 736 521 394 495 590 281 448 778 137 476 198 709 389 361 73 216 130 684 832 835 739 863 0 363 401 723
371 45 272 148 477 670 30 493 474 545 749 478 500 172 329 712 167 59 390 259 252 560 721 475 377 502 363 0 94 462
464 73 178 242 544 758 91 587 565 615 815 529 537 84 317 807 86 153 441 245 310 650 809 475 373 500 401 94 0 529
427 458 685 379 15 682 446 427 267 738 923 108 836 562 773 522 615 417 705 709 593 270 375 376 367 397 723 462 529 0
