10
0 574 720 485 547 310 379 867 462 145
574 0 199 506 317 679 741 341 113 432
720 199 0 503 509 866 801 150 278 574
485 506 503 0 725 773 335 602 435 396
547 317 509 725 0 490 851 636 309 453
310 679 866 773 490 0 684 1016 588 378
379 741 801 335 851 684 0 920 639 404
867 341 150 602 636 1016 920 0 429 722
462 113 278 435 309 588 639 429 0 319
145 432 574 396 453 378 404 722 319 0
