30
0 699 851 480 602 467 293 799 593 329 599 796 161 438 454 408 331 519 695 393 599 487 511 362 806 332 551 310 723 606
699 0 183 447 479 1121 483 892 901 524 947 897 733 1125 790 300 893 926 30 900 825 216 428 989 812 564 406 912 707 845
851 183 0 509 495 1245 601 889 953 704 1004 896 861 1262 862 470 1004 999 206 998 865 388 481 1110 795 660 446 1030 699 886
480 447 509 0 125 767 189 478 454 557 502 481 413 809 353 362 514 490 464 496 379 362 34 630 426 174 78 550 320 399
602 479 495 125 0 852 314 413 463 676 517 418 522 906 396 464 597 527 502 565 372 447 101 718 339 281 86 639 231 393
467 1121 1245 767 852 0 643 812 537 792 497 804 388 124 487 855 254 416 1124 300 612 926 801 136 877 594 845 216 846 603
293 483 601 189 314 643 0 599 484 399 516 599 260 663 347 272 410 472 490 420 441 316 219 509 574 110 257 431 476 457
799 892 889 478 413 812 599 0 275 998 319 10 653 911 363 837 600 396 916 526 212 841 482 709 110 499 491 655 190 214
593 901 953 454 463 537 484 275 0 855 56 267 434 638 144 755 337 121 918 259 99 786 476 437 349 374 508 391 347 80
329 524 704 557 676 792 399 998 855 0 874 998 467 745 710 249 651 808 507 704 829 321 574 692 971 501 596 638 870 843
599 947 1004 502 517 497 516 319 56 874 0 310 437 604 169 789 318 90 963 237 155 824 525 408 400 408 558 370 403 136
796 897 896 481 418 804 599 10 267 998 310 0 649 904 357 838 593 388 920 519 206 843 485 701 119 498 495 648 196 207
161 733 861 413 522 388 260 653 434 467 437 649 0 403 298 474 187 358 736 237 447 541 448 258 672 241 491 186 601 452
438 1125 1262 809 906 124 663 911 638 745 604 904 403 0 569 844 323 518 1125 387 706 920 844 204 968 634 888 272 927 699
454 790 862 353 396 487 347 363 144 710 169 357 298 569 0 620 247 137 804 186 151 657 381 365 402 240 419 301 359 154
408 300 470 362 464 855 272 837 755 249 789 838 474 844 620 0 653 744 291 679 704 83 368 731 789 380 379 660 682 721
331 893 1004 514 597 254 410 600 337 651 318 593 187 323 247 653 0 227 900 80 390 714 548 122 649 345 592 55 604 386
519 926 999 490 527 416 472 396 121 808 90 388 358 518 137 744 227 0 940 147 204 786 518 319 465 369 555 280 451 191
695 30 206 464 502 1124 490 916 918 507 963 920 736 1125 804 291 900 940 0 909 843 208 448 993 837 575 427 917 732 864
393 900 998 496 565 300 420 526 259 704 237 519 237 387 186 679 80 147 909 0 319 734 528 183 581 338 570 133 545 313
599 825 865 379 372 612 441 212 99 829 155 206 447 706 151 704 390 204 843 319 0 726 396 502 264 332 424 445 249 21
487 216 388 362 447 926 316 841 786 321 824 843 541 920 657 83 714 786 208 734 726 0 360 799 783 417 361 725 674 744
511 428 481 34 101 801 219 482 476 574 525 485 448 844 381 368 548 518 448 528 396 360 0 665 422 209 43 585 314 417
362 989 1110 630 718 136 509 709 437 692 408 701 258 204 365 731 122 319 993 183 502 799 665 0 764 458 708 80 724 495
806 812 795 426 339 877 574 110 349 971 400 119 672 968 402 789 649 465 837 581 264 783 422 764 0 485 423 703 108 274
332 564 660 174 281 594 110 499 374 501 408 498 241 634 240 380 345 369 575 338 332 417 209 458 485 0 253 378 395 347
551 406 446 78 86 845 257 491 508 596 558 495 491 888 419 379 592 555 427 570 424 361 43 708 423 253 0 629 315 445
310 912 1030 550 639 216 431 655 391 638 370 648 186 272 301 660 55 280 917 133 445 725 585 80 703 378 629 0 656 441
723 707 699 320 231 846 476 190 347 870 403 196 601 927 359 682 604 451 732 545 249 674 314 724 108 395 315 656 0 266
606 845 886 399 393 603 457 214 80 843 136 207 452 699 154 721 386 191 864 313 21 744 417 495 274 347 445 441 266 0
