20
0 315 569 175 607 876 368 621 533 876 535 361 820 515 565 783 46 655 507 721
315 0 389 309 595 868 108 737 624 1071 658 85 784 596 854 970 313 818 818 957
569 389 0 428 326 547 281 576 470 955 530 304 447 440 930 857 536 697 967 918
175 309 428 0 431 702 307 471 371 771 385 312 645 350 559 672 130 527 555 648
607 595 326 431 0 278 510 274 196 648 260 532 213 177 740 556 562 403 830 651
876 868 547 702 278 0 777 364 377 632 415 800 104 380 891 568 830 468 1017 720
368 108 281 307 510 777 0 681 565 1033 608 24 688 536 866 931 354 773 852 938
621 737 576 471 274 364 681 0 115 379 86 698 380 145 526 283 577 130 656 384
533 624 470 371 196 377 565 115 0 487 65 583 361 30 547 388 487 227 651 459
876 1071 955 771 648 632 1033 379 487 0 431 1047 695 517 483 101 840 262 659 210
535 658 530 385 260 415 608 86 65 431 0 624 412 91 490 331 491 169 603 394
361 85 304 312 532 800 24 698 583 1047 624 0 712 554 870 946 349 789 850 948
820 784 447 645 213 104 688 380 361 695 412 712 0 355 900 621 775 500 1012 758
515 596 440 350 177 380 536 145 30 517 91 554 355 0 562 418 469 257 659 485
565 854 930 559 740 891 866 526 547 483 490 870 900 562 0 437 549 437 176 273
783 970 857 672 556 568 931 283 388 101 331 946 621 418 437 0 745 161 608 179
46 313 536 130 562 830 354 577 487 840 491 349 775 469 549 745 0 614 505 690
655 818 697 527 403 468 773 130 227 262 169 789 500 257 437 161 614 0 586 258
507 818 967 555 830 1017 852 656 651 659 603 850 1012 659 176 608 505 586 0 449
721 957 918 648 651 720 938 384 459 210 394 948 758 485 273 179 690 258 449 0
