25
0 479 654 764 493 595 842 1108 171 556 771 604 505 759 340 412 325 685 839 342 635 816 519 506 85
479 0 243 398 357 120 499 629 431 245 628 145 167 324 139 268 281 267 466 470 310 354 220 367 458
654 243 0 157 594 234 639 531 650 457 467 115 151 106 348 284 522 397 590 508 123 187 443 301 657
764 398 157 0 751 389 779 561 783 614 370 272 270 144 489 359 671 543 726 553 130 232 601 318 780
493 357 594 751 0 380 373 810 337 167 968 482 517 656 331 567 177 324 389 692 667 653 160 686 419
595 120 234 389 380 0 419 514 530 227 680 120 236 278 255 367 358 175 377 582 339 276 221 448 567
842 499 639 779 373 419 0 565 703 292 1099 534 652 642 575 767 518 244 61 956 754 585 330 862 778
1108 629 531 561 810 514 565 0 1039 646 929 521 661 442 768 808 856 485 507 1035 638 347 667 832 1082
171 431 650 783 337 530 703 1039 0 432 865 573 512 746 302 466 193 580 708 473 663 785 399 580 87
556 245 457 614 167 227 292 646 432 0 874 342 412 505 287 500 239 161 283 671 548 492 38 609 499
771 628 467 370 968 680 1099 929 865 874 0 565 461 508 643 411 833 854 1053 445 346 601 848 290 824
604 145 115 272 482 120 534 521 573 342 565 0 148 180 273 295 426 290 488 522 220 214 329 353 593
505 167 151 270 517 236 652 661 512 412 461 148 0 257 220 148 410 410 612 376 156 328 388 212 512
759 324 106 144 656 278 642 442 746 505 508 180 257 0 444 389 606 413 587 610 195 96 499 392 758
340 139 348 489 331 255 575 768 302 287 643 273 220 444 0 236 193 371 554 384 377 487 251 356 320
412 268 284 359 567 367 767 808 466 500 411 295 148 389 236 0 422 533 734 228 228 470 468 121 442
325 281 522 671 177 358 518 856 193 239 833 426 410 606 193 422 0 388 518 519 567 629 205 543 261
685 267 397 543 324 175 244 485 580 161 854 290 410 413 371 533 388 0 202 737 510 374 186 622 639
839 466 590 726 389 377 61 507 708 283 1053 488 612 587 554 734 518 202 0 931 707 527 320 825 780
342 470 508 553 692 582 956 1035 473 671 445 522 376 610 384 228 519 737 931 0 429 695 635 237 410
635 310 123 130 667 339 754 638 663 548 346 220 156 195 377 228 567 510 707 429 0 290 528 200 654
816 354 187 232 653 276 585 347 785 492 601 214 328 96 487 470 629 374 527 695 290 0 493 484 807
519 220 443 601 160 221 330 667 399 38 848 329 388 499 251 468 205 186 320 635 528 493 0 579 463
506 367 301 318 686 448 862 832 580 609 290 353 212 392 356 121 543 622 825 237 200 484 579 0 547
85 458 657 780 419 567 778 1082 87 499 824 593 512 758 320 442 261 639 780 410 654 807 463 547 0
