15
0 815 995 1093 506 562 842 796 51 621 735 1108 1035 954 529
815 0 204 343 824 304 554 404 771 247 285 339 448 902 362
995 204 0 148 922 508 540 404 948 452 472 136 327 893 566
1093 343 148 0 953 642 509 401 1044 589 619 40 234 848 700
506 824 922 953 0 738 508 557 470 769 917 984 794 471 748
562 304 508 642 738 0 678 546 526 62 186 641 693 973 59
842 554 540 509 508 678 0 150 792 665 787 547 303 354 723
796 404 404 401 557 546 150 0 745 526 642 435 248 501 595
51 771 948 1044 470 526 792 745 0 584 703 1060 983 910 497
621 247 452 589 769 62 665 526 584 0 148 586 655 975 115
735 285 472 619 917 186 787 642 703 148 0 607 731 1110 205
1108 339 136 40 984 641 547 435 1060 586 607 0 275 888 700
1035 448 327 234 794 693 303 248 983 655 731 275 0 621 750
954 902 893 848 471 973 354 501 910 975 1110 888 621 0 1008
529 362 566 700 748 59 723 595 497 115 205 700 750 1008 0
