20
0 846 82 390 918 612 670 183 286 963 723 935 919 817 287 156 370 374 891 637
846 0 768 577 594 338 446 851 680 117 333 91 466 176 566 704 475 857 571 521
82 768 0 349 878 550 622 219 216 885 664 857 868 735 220 110 293 340 850 559
390 577 349 0 529 261 283 304 450 689 354 667 532 626 175 240 240 644 502 647
918 594 878 529 0 398 268 803 939 639 301 641 140 754 677 769 677 1143 29 993
612 338 550 261 398 0 147 562 559 442 118 424 337 436 330 456 294 763 368 601
670 446 622 283 268 147 0 581 671 533 119 522 249 570 413 516 410 876 238 747
183 851 219 304 803 562 581 0 430 968 659 942 828 860 295 177 402 553 778 753
286 680 216 450 939 559 671 430 0 790 676 759 897 602 276 273 264 204 910 355
963 117 885 689 639 442 533 968 790 0 415 31 503 229 684 822 592 961 620 599
723 333 664 354 301 118 119 659 676 415 0 405 222 470 445 567 412 880 273 692
935 91 857 667 641 424 522 942 759 31 405 0 506 200 657 795 564 930 621 569
919 466 868 532 140 337 249 828 897 503 222 506 0 634 654 764 632 1101 128 904
817 176 735 626 754 436 570 860 602 229 470 200 634 0 564 694 459 754 729 370
287 566 220 175 677 330 413 295 276 684 445 657 654 564 0 137 108 473 649 499
156 704 110 240 769 456 516 177 273 822 567 795 764 694 137 0 236 434 742 577
370 475 293 240 677 294 410 402 264 592 412 564 632 459 108 236 0 469 648 408
374 857 340 644 1143 763 876 553 204 961 880 930 1101 754 473 434 469 0 1114 431
891 571 850 502 29 368 238 778 910 620 273 621 128 729 649 742 648 1114 0 964
637 521 559 647 993 601 747 753 355 599 692 569 904 370 499 577 408 431 964 0
