10
0 332 41 682 471 695 407 635 595 533
332 0 293 451 360 457 407 493 353 239
41 293 0 643 457 655 405 621 555 492
682 451 643 0 791 19 857 890 98 233
471 360 457 791 0 793 138 164 695 559
695 457 655 19 793 0 861 888 105 233
407 407 405 857 138 861 0 267 758 633
635 493 621 890 164 888 267 0 798 657
595 353 555 98 695 105 758 798 0 142
533 239 492 233 559 233 633 657 142 0
