25
0 300 211 846 322 753 497 494 564 274 218 224 846 867 100 110 893 721 741 788 291 938 697 655 341
300 0 140 764 183 453 423 613 264 79 327 151 569 804 324 270 704 488 843 544 293 780 622 357 121
211 140 0 695 118 565 340 478 387 175 331 198 636 727 200 144 695 511 714 577 168 752 547 459 244
846 764 695 0 590 836 355 514 805 839 1024 888 653 58 761 735 320 464 488 503 556 236 149 745 883
322 183 118 590 0 512 241 456 357 251 447 298 541 626 287 233 577 399 673 468 138 635 444 398 304
753 453 565 836 512 0 632 947 193 496 739 572 258 892 766 709 601 376 1126 363 648 717 746 115 456
497 423 340 355 241 632 0 340 532 492 668 535 556 387 421 388 430 356 493 430 207 449 206 520 544
494 613 478 514 456 947 340 0 812 652 712 655 896 505 394 408 729 697 247 769 322 708 405 832 722
564 264 387 805 357 193 532 812 0 303 547 379 375 856 585 529 636 393 1015 416 496 740 688 125 265
274 79 175 839 251 496 492 652 303 0 256 79 636 876 322 275 783 565 890 619 342 859 695 411 73
218 327 331 1024 447 739 668 712 547 256 0 176 892 1052 318 311 1018 813 959 870 472 1082 874 663 283
224 151 198 888 298 572 535 655 379 79 176 0 716 922 292 255 852 639 898 695 363 923 741 490 124
846 569 636 653 541 258 556 896 375 636 892 716 0 711 827 772 370 207 1028 150 653 490 599 250 621
867 804 727 58 626 892 387 505 856 876 1052 922 711 0 779 757 376 521 452 561 581 285 181 800 923
100 324 200 761 287 766 421 394 585 322 318 292 827 779 0 56 834 682 641 754 216 869 613 660 394
110 270 144 735 233 709 388 408 529 275 311 255 772 757 56 0 790 631 654 701 181 831 586 603 348
893 704 695 320 577 601 430 729 636 783 1018 852 370 376 834 790 0 242 779 237 619 119 336 539 803
721 488 511 464 399 376 356 697 393 565 813 639 207 521 682 631 242 0 821 74 485 350 394 300 574
741 843 714 488 673 1126 493 247 1015 890 959 898 1028 452 641 654 779 821 0 886 550 720 447 1014 958
788 544 577 503 468 363 430 769 416 619 870 695 150 561 754 701 237 74 886 0 559 355 450 308 621
291 293 168 556 138 648 207 322 496 342 472 363 653 581 216 181 619 485 550 559 0 652 407 534 408
938 780 752 236 635 717 449 708 740 859 1082 923 490 285 869 831 119 350 720 355 652 0 303 650 886
697 622 547 149 444 746 206 405 688 695 874 741 599 181 613 586 336 394 447 450 407 303 0 645 742
655 357 459 745 398 115 520 832 125 411 663 490 250 800 660 603 539 300 1014 308 534 650 645 0 383
341 121 244 883 304 456 544 722 265 73 283 124 621 923 394 348 803 574 958 621 408 886 742 383 0
