30
0 311 131 555 466 717 247 606 762 388 512 701 362 422 889 900 157 178 158 767 515 331 545 341 601 997 640 99 296 961
311 0 319 327 292 472 68 443 545 87 384 571 71 373 654 607 271 427 201 456 207 77 254 302 290 704 448 256 112 650
131 319 0 482 380 774 251 691 831 406 407 589 384 304 806 852 58 109 118 750 524 306 509 230 602 948 549 209 349 949
555 327 482 0 110 654 349 710 750 342 170 283 356 271 337 385 425 578 397 373 334 257 159 282 337 477 129 544 438 554
466 292 380 110 0 691 292 716 782 335 99 278 340 166 426 496 325 471 308 466 367 215 225 171 395 587 175 469 404 655
717 472 774 654 691 0 532 205 101 389 791 937 401 823 860 657 735 874 663 425 324 526 495 765 324 724 778 624 426 498
247 68 251 349 292 532 0 484 600 155 374 567 134 341 684 660 204 359 133 520 275 94 303 263 358 757 461 203 131 715
606 443 691 710 716 205 484 0 182 382 815 987 380 816 973 809 665 778 596 579 385 515 566 744 430 887 840 506 354 688
762 545 831 750 782 101 600 182 0 466 881 1033 475 906 961 756 797 927 725 525 417 605 592 844 424 820 875 664 482 584
388 87 406 342 335 389 155 382 466 0 432 608 27 441 648 566 358 513 288 391 127 139 229 378 216 661 470 320 124 579
512 384 407 170 99 791 374 815 881 432 0 195 436 123 414 538 359 482 361 544 466 306 315 177 490 622 154 532 494 724
701 571 589 283 278 937 567 987 1033 608 195 0 617 285 321 534 545 649 554 619 617 493 442 360 618 597 164 727 683 769
362 71 384 356 340 401 134 380 475 27 436 617 0 437 668 592 339 491 268 419 154 135 251 370 243 687 483 292 98 606
422 373 304 271 166 823 341 816 906 441 123 285 437 0 537 653 264 367 286 632 506 303 387 84 548 740 277 461 472 821
889 654 806 337 426 860 684 973 961 648 414 321 668 537 0 270 751 892 731 452 591 591 421 584 545 300 261 881 760 534
900 607 852 385 496 657 660 809 756 566 538 534 592 653 270 0 794 954 751 232 465 569 356 667 389 97 402 862 690 264
157 271 58 425 325 735 204 665 797 358 359 545 339 264 751 794 0 165 71 694 473 251 451 185 549 890 496 211 314 892
178 427 109 578 471 874 359 778 927 513 482 649 491 367 892 954 165 0 227 859 633 416 616 307 712 1049 631 276 448 1058
158 201 118 397 308 663 133 596 725 288 361 554 268 286 731 751 71 227 0 636 406 191 400 201 485 847 483 175 243 834
767 456 750 373 466 425 520 579 525 391 544 619 419 632 452 232 694 859 636 0 270 445 251 616 182 307 458 709 512 198
515 207 524 334 367 324 275 385 417 127 466 617 154 506 591 465 473 633 406 270 0 229 182 457 90 557 462 447 242 453
331 77 306 257 215 526 94 515 605 139 306 493 135 303 591 569 251 416 191 445 229 0 214 239 299 667 374 297 189 642
545 254 509 159 225 495 303 566 592 229 315 442 251 387 421 356 451 616 400 251 182 214 0 365 177 453 282 506 347 448
341 302 230 282 171 765 263 744 844 378 177 360 370 84 584 667 185 307 201 616 457 239 365 0 510 759 323 376 395 811
601 290 602 337 395 324 358 430 424 216 490 618 243 548 545 389 549 712 485 182 90 299 177 510 0 477 456 536 332 363
997 704 948 477 587 724 757 887 820 661 622 597 687 740 300 97 890 1049 847 307 557 667 453 759 477 0 479 959 785 277
640 448 549 129 175 778 461 840 875 470 154 164 483 277 261 402 496 631 483 458 462 374 282 323 456 479 0 645 561 617
99 256 209 544 469 624 203 506 664 320 532 727 292 461 881 862 211 276 175 709 447 297 506 376 536 959 645 0 212 899
296 112 349 438 404 426 131 354 482 124 494 683 98 472 760 690 314 448 243 512 242 189 347 395 332 785 561 212 0 695
961 650 949 554 655 498 715 688 584 579 724 769 606 821 534 264 892 1058 834 198 453 642 448 811 363 277 617 899 695 0
