30
0 521 421 734 235 550 241 264 900 720 426 461 215 211 687 758 569 713 650 657 424 98 59 528 517 452 181 441 790 708
521 0 105 643 756 840 726 337 621 384 267 675 712 729 311 318 669 525 348 862 801 504 516 877 275 769 417 456 764 490
421 105 0 598 656 744 622 270 623 393 194 582 619 632 331 368 590 497 341 775 698 414 422 776 235 670 311 376 710 468
734 643 598 0 878 516 745 793 288 348 409 391 932 891 409 503 250 145 327 421 614 805 781 608 368 527 558 294 132 189
235 756 656 878 0 544 153 478 1085 929 640 528 128 52 905 984 667 888 857 683 384 278 251 483 728 454 383 604 904 892
550 840 744 516 544 0 392 766 798 762 586 171 653 582 785 889 269 610 702 149 162 648 609 97 632 97 476 411 468 640
241 726 622 745 153 392 0 505 971 838 561 380 263 191 824 912 522 771 766 529 234 325 287 336 645 300 316 488 761 781
264 337 270 793 478 766 505 0 876 655 396 638 402 439 599 638 704 723 596 845 666 200 229 764 471 674 295 515 884 703
900 621 623 288 1085 798 971 876 0 236 488 656 1113 1087 311 354 528 200 282 709 878 948 935 885 405 796 719 483 390 192
720 384 393 348 929 762 838 655 236 0 293 597 936 922 76 155 507 203 72 715 800 753 746 834 203 732 547 370 480 159
426 267 194 409 640 586 561 396 488 293 0 417 642 630 265 350 401 327 223 596 573 462 453 635 90 526 256 189 517 308
461 675 582 391 528 171 380 638 656 597 417 0 612 554 616 720 147 460 535 206 223 555 519 238 460 140 343 240 383 485
215 712 619 932 128 653 263 402 1113 936 642 612 0 77 901 970 741 922 865 784 498 208 197 600 732 558 393 644 973 920
211 729 632 891 52 582 191 439 1087 922 630 554 77 0 894 969 688 893 851 717 425 239 216 526 720 489 375 610 924 894
687 311 331 409 905 785 824 599 311 76 265 616 901 894 0 105 542 267 87 751 808 711 707 851 179 746 521 379 541 223
758 318 368 503 984 889 912 638 354 155 350 720 970 969 105 0 647 358 191 856 908 772 773 954 272 848 603 482 635 314
569 669 590 250 667 269 522 704 528 507 401 147 741 688 542 647 0 342 456 209 366 656 625 358 416 277 420 213 238 374
713 525 497 145 888 610 771 723 200 203 327 460 922 893 267 358 342 0 189 538 681 769 752 694 262 601 531 284 277 43
650 348 341 327 857 702 766 596 282 72 223 535 865 851 87 191 456 189 0 665 733 685 676 772 133 667 476 303 459 149
657 862 775 421 683 149 529 845 709 715 596 206 784 717 751 856 209 538 665 0 308 753 716 242 621 229 549 407 346 574
424 801 698 614 384 162 234 666 878 800 573 223 498 425 808 908 366 681 733 308 0 520 481 105 638 90 397 430 594 702
98 504 414 805 278 648 325 200 948 753 462 555 208 239 711 772 656 769 685 753 520 0 39 625 551 550 246 510 870 760
59 516 422 781 251 609 287 229 935 746 453 519 197 216 707 773 625 752 676 716 481 39 0 585 543 511 223 487 842 745
528 877 776 608 483 97 336 764 885 834 635 238 600 526 851 954 358 694 772 242 105 625 585 0 690 108 486 472 565 721
517 275 235 368 728 632 645 471 405 203 90 460 732 720 179 272 416 262 133 621 638 551 543 690 0 582 345 221 488 235
452 769 670 527 454 97 300 674 796 732 526 140 558 489 746 848 277 601 667 229 90 550 511 108 582 0 387 366 504 625
181 417 311 558 383 476 316 295 719 547 256 343 393 375 521 603 420 531 476 549 397 246 223 486 345 387 0 264 624 527
441 456 376 294 604 411 488 515 483 370 189 240 644 610 379 482 213 284 303 407 430 510 487 472 221 366 264 0 369 292
790 764 710 132 904 468 761 884 390 480 517 383 973 924 541 635 238 277 459 346 594 870 842 565 488 504 624 369 0 321
708 490 468 189 892 640 781 703 192 159 308 485 920 894 223 314 374 43 149 574 702 760 745 721 235 625 527 292 321 0
