25
0 192 484 766 607 840 477 302 769 950 711 172 810 645 807 641 297 192 981 859 628 569 408 825 740
192 0 314 601 448 687 444 375 577 817 594 323 634 570 616 503 165 320 808 683 435 520 478 642 558
484 314 0 579 483 692 682 494 388 857 698 548 567 745 446 580 195 521 727 610 266 732 779 348 262
766 601 579 0 161 116 515 964 321 289 254 922 87 408 282 184 658 921 222 117 337 479 752 581 560
607 448 483 161 0 239 385 818 348 384 224 765 222 328 337 105 524 767 382 267 295 371 607 580 536
840 687 692 116 239 0 525 1058 430 173 216 1002 174 381 384 208 759 1005 214 172 453 469 770 692 674
477 444 682 515 385 525 0 773 718 563 322 647 596 189 718 331 601 670 728 633 622 95 246 909 845
302 375 494 964 818 1058 773 0 868 1192 968 171 986 928 920 878 322 128 1159 1035 731 861 704 829 745
769 577 388 321 348 430 718 868 0 601 551 885 258 676 63 444 547 868 374 283 142 717 911 262 256
950 817 857 289 384 173 563 1192 601 0 247 1119 343 384 552 314 908 1127 316 329 625 485 807 863 847
711 594 698 254 224 216 322 968 551 247 0 882 342 165 525 120 707 893 430 363 518 255 569 797 758
172 323 548 922 765 1002 647 171 885 1119 882 0 958 817 929 807 353 44 1131 1007 743 740 546 896 810
810 634 567 87 222 174 596 986 258 343 342 958 0 495 209 268 670 953 173 49 307 564 827 520 510
645 570 745 408 328 381 189 928 676 384 165 817 495 0 660 235 710 836 595 522 615 101 425 904 854
807 616 446 282 337 384 718 920 63 552 525 929 209 660 0 425 598 915 312 228 189 709 922 314 317
641 503 580 184 105 208 331 878 444 314 120 807 268 235 425 0 601 814 397 302 399 295 571 683 641
297 165 195 658 524 759 601 322 547 908 707 353 670 710 598 601 0 329 842 718 408 671 641 543 457
192 320 521 921 767 1005 670 128 868 1127 893 44 953 836 915 814 329 0 1127 1002 727 762 581 868 782
981 808 727 222 382 214 728 1159 374 316 430 1131 173 595 312 397 842 1127 0 124 462 679 969 619 629
859 683 610 117 267 172 633 1035 283 329 363 1007 49 522 228 302 718 1002 124 0 348 595 868 542 538
628 435 266 337 295 453 622 731 142 625 518 743 307 615 189 399 408 727 462 348 0 638 795 290 241
569 520 732 479 371 469 95 861 717 485 255 740 564 101 709 295 671 762 679 595 638 0 323 928 870
408 478 779 752 607 770 246 704 911 807 569 546 827 425 922 571 641 581 969 868 795 323 0 1064 989
825 642 348 581 580 692 909 829 262 863 797 896 520 904 314 683 543 868 619 542 290 928 1064 0 86
740 558 262 560 536 674 845 745 256 847 758 810 510 854 317 641 457 782 629 538 241 870 989 86 0
