25
0 140 228 133 1014 694 248 528 80 459 440 839 273 236 855 535 703 169 799 837 884 498 683 897 625
140 0 308 82 1032 610 112 411 62 343 399 741 362 222 758 585 592 31 838 814 900 623 647 802 539
228 308 0 236 800 623 416 546 277 484 330 785 55 175 801 310 689 321 575 665 673 348 534 835 565
133 82 236 0 951 565 180 396 94 327 330 707 291 142 724 504 570 86 756 741 819 567 578 766 495
1014 1032 800 951 0 713 1099 917 1035 913 665 810 776 809 811 498 889 1024 251 332 132 844 475 802 738
694 610 623 565 713 0 604 264 655 302 294 166 653 476 180 588 175 584 671 384 607 926 251 212 71
248 112 416 180 1099 604 0 371 168 310 443 716 470 302 733 676 554 95 920 856 967 736 684 778 532
528 411 546 396 917 264 371 0 468 68 303 347 593 372 364 647 183 380 814 610 796 890 444 410 202
80 62 277 94 1035 655 168 468 0 400 424 792 328 230 809 572 648 93 830 834 903 574 672 852 584
459 343 484 327 913 302 310 68 400 0 271 406 532 309 423 607 249 313 792 619 787 830 447 468 233
440 399 330 330 665 294 443 303 424 271 0 459 358 204 474 344 390 383 522 415 535 636 248 506 243
839 741 785 707 810 166 716 347 792 406 459 0 817 632 17 749 175 713 807 478 720 1092 387 62 220
273 362 55 291 776 653 470 593 328 532 358 817 0 224 832 280 729 375 543 663 652 298 544 865 599
236 222 175 142 809 476 302 372 230 309 204 632 224 0 648 374 521 217 618 605 677 522 447 686 412
855 758 801 724 811 180 733 364 809 423 474 17 832 648 0 760 191 730 813 480 723 1106 395 46 236
535 585 310 504 498 588 676 647 572 607 344 749 280 374 760 0 722 587 264 444 377 400 386 780 560
703 592 689 570 889 175 554 183 648 249 390 175 729 521 191 722 0 562 836 560 781 1020 422 237 165
169 31 321 86 1024 584 95 380 93 313 383 713 375 217 730 587 562 0 836 798 892 644 630 774 512
799 838 575 756 251 671 920 814 830 792 522 807 543 618 813 264 836 836 0 367 165 593 422 819 672
837 814 665 741 332 384 856 610 834 619 415 478 663 605 480 444 560 798 367 0 246 845 173 476 418
884 900 673 819 132 607 967 796 903 787 535 720 652 677 723 377 781 892 165 246 0 746 361 721 625
498 623 348 567 844 926 736 890 574 830 636 1092 298 522 1106 400 1020 644 593 845 746 0 770 1135 880
683 647 534 578 475 251 684 444 672 447 248 387 544 447 395 386 422 630 422 173 361 770 0 406 264
897 802 835 766 802 212 778 410 852 468 506 62 865 686 46 780 237 774 819 476 721 1135 406 0 274
625 539 565 495 738 71 532 202 584 233 243 220 599 412 236 560 165 512 672 418 625 880 264 274 0
