10
0 598 971 685 649 813 935 338 464 689
598 0 966 643 738 714 930 696 355 168
971 966 0 331 322 257 38 663 649 852
685 643 331 0 151 129 294 436 317 549
649 738 322 151 0 241 286 348 386 668
813 714 257 129 241 0 225 562 420 595
935 930 38 294 286 225 0 629 611 819
338 696 663 436 348 562 629 0 389 708
464 355 649 317 386 420 611 389 0 324
689 168 852 549 668 595 819 708 324 0
