30
0 595 64 404 302 830 820 409 385 337 649 813 135 135 366 481 644 124 599 304 801 582 32 89 563 182 667 554 382 657
595 0 653 863 584 874 725 415 528 373 191 896 672 521 272 683 57 545 326 784 839 170 562 506 307 741 838 310 294 275
64 653 0 352 297 821 827 434 393 371 697 799 89 161 430 468 700 181 634 254 793 629 96 151 627 121 648 590 425 699
404 863 352 0 287 614 705 490 380 494 829 573 268 372 716 313 896 528 702 99 596 773 424 462 932 241 410 670 574 793
302 584 297 287 0 528 532 205 111 210 542 512 229 183 480 182 612 398 423 229 499 485 298 300 699 280 373 386 290 510
830 874 821 614 528 0 207 514 462 604 718 57 742 707 918 353 867 922 554 648 35 708 826 821 1111 771 204 563 647 634
820 725 827 705 532 207 0 437 435 530 551 259 762 686 822 397 708 889 399 711 186 555 808 789 992 807 342 421 550 463
409 415 434 490 205 514 437 0 117 93 341 520 396 275 404 267 432 458 218 435 479 290 390 360 603 460 432 181 137 304
385 528 393 380 111 462 435 117 0 168 457 456 335 253 479 160 548 463 322 336 429 407 375 362 690 389 342 291 239 414
337 373 371 494 210 604 530 93 168 0 345 607 350 210 317 328 402 371 263 423 569 283 313 277 523 418 507 219 80 332
649 191 697 829 542 718 551 341 457 345 0 749 691 543 409 592 160 635 167 766 685 67 620 568 495 761 717 175 275 88
813 896 799 573 512 57 259 520 456 607 749 0 718 694 924 332 893 910 582 614 73 733 811 810 1123 743 163 588 657 666
135 672 89 268 229 742 762 396 335 350 691 718 0 151 475 389 715 260 609 168 715 626 158 202 684 70 563 566 416 682
135 521 161 372 183 707 686 275 253 210 543 694 151 0 343 365 563 215 473 279 676 476 122 117 560 221 556 429 268 539
366 272 430 716 480 918 822 404 479 317 409 924 475 343 0 636 329 287 459 622 883 350 334 279 219 539 822 420 274 462
481 683 468 313 182 353 397 267 160 328 592 332 389 365 636 0 699 580 439 314 325 550 480 482 849 422 192 418 398 535
644 57 700 896 612 867 708 432 548 402 160 893 715 563 329 699 0 599 313 820 833 159 611 555 355 785 845 305 322 248
124 545 181 528 398 922 889 458 463 371 635 910 260 215 287 580 599 0 617 428 890 568 107 101 460 302 771 571 392 659
599 326 634 702 423 554 399 218 322 263 167 582 609 473 459 439 313 617 0 652 520 156 574 532 601 675 552 45 224 96
304 784 254 99 229 648 711 435 336 423 766 614 168 279 622 314 820 428 652 0 626 706 324 363 837 148 451 616 501 738
801 839 793 596 499 35 186 479 429 569 685 73 715 676 883 325 833 890 520 626 0 674 796 789 1076 746 191 529 612 602
582 170 629 773 485 708 555 290 407 283 67 733 626 476 350 550 159 568 156 706 674 0 552 501 458 695 688 145 209 116
32 562 96 424 298 826 808 390 375 313 620 811 158 122 334 480 611 107 574 324 796 552 0 57 533 210 669 528 355 630
89 506 151 462 300 821 789 360 362 277 568 810 202 117 279 482 555 101 532 363 789 501 57 0 482 261 674 486 309 583
563 307 627 932 699 1111 992 603 690 523 495 1123 684 560 219 849 355 460 601 837 1076 458 533 482 0 743 1031 572 466 572
182 741 121 241 280 771 807 460 389 418 761 743 70 221 539 422 785 302 675 148 746 695 210 261 743 0 584 633 486 750
667 838 648 410 373 204 342 432 342 507 717 163 563 556 822 192 845 771 552 451 191 688 669 674 1031 584 0 544 569 645
554 310 590 670 386 563 421 181 291 219 175 588 566 429 420 418 305 571 45 616 529 145 528 486 572 633 544 0 179 123
382 294 425 574 290 647 550 137 239 80 275 657 416 268 274 398 322 392 224 501 612 209 355 309 466 486 569 179 0 275
657 275 699 793 510 634 463 304 414 332 88 666 682 539 462 535 248 659 96 738 602 116 630 583 572 750 645 123 275 0
