30
0 273 208 44 514 571 587 622 465 340 635 261 710 643 551 437 688 343 469 351 565 597 677 448 526 384 532 692 32 269
273 0 168 313 307 639 419 432 329 347 370 159 518 409 591 651 826 205 345 625 712 459 478 718 449 641 334 560 262 536
208 168 0 229 475 477 583 413 258 190 457 281 501 443 434 643 658 351 265 525 543 393 468 643 339 589 501 718 219 471
44 313 229 0 558 550 631 641 479 337 669 306 728 670 535 431 654 387 482 312 531 609 697 416 529 360 576 734 73 242
514 307 475 558 0 945 128 624 588 652 419 254 692 537 894 738 1133 178 610 845 1017 695 648 898 725 796 30 281 488 723
571 639 477 550 945 0 1059 553 427 292 775 755 597 674 71 942 243 829 405 643 197 438 599 792 311 810 973 1196 602 699
587 419 583 631 128 1059 0 752 714 766 539 328 819 661 1010 735 1237 245 735 894 1118 823 775 928 850 820 98 152 558 762
622 432 413 641 624 553 752 0 172 376 269 590 88 134 482 1053 795 616 181 919 724 120 57 1048 241 1002 654 905 630 882
465 329 258 479 588 427 714 172 0 206 348 487 254 259 360 902 662 532 23 748 577 136 230 879 140 839 618 865 478 718
340 347 190 337 652 292 766 376 206 0 528 472 452 461 245 767 497 541 194 560 395 303 434 700 198 676 680 905 364 554
635 370 457 669 419 775 539 269 348 528 0 491 306 141 707 1018 1009 480 370 978 919 381 266 1083 475 1011 445 687 629 903
261 159 281 306 254 755 328 590 487 472 491 0 675 555 716 534 916 82 502 592 796 618 633 655 601 561 270 446 235 476
710 518 501 728 692 597 819 88 254 452 306 675 0 165 526 1142 840 697 259 1002 778 161 44 1133 293 1089 721 971 719 969
643 409 443 670 537 674 661 134 259 461 141 555 165 0 604 1057 914 563 277 968 835 253 124 1086 364 1027 565 812 645 912
551 591 434 535 894 71 1010 482 360 245 707 716 526 604 0 943 314 786 337 663 261 367 528 812 241 820 922 1150 580 705
437 651 643 431 738 942 735 1053 902 767 1018 534 1142 1057 943 0 974 577 907 359 860 1035 1106 276 961 171 739 756 424 247
688 826 658 654 1133 243 1237 795 662 497 1009 916 840 914 314 974 0 996 641 627 123 681 842 765 554 817 1159 1363 721 727
343 205 351 387 178 829 245 616 532 541 480 82 697 563 786 577 996 0 550 667 876 658 654 721 655 622 191 368 316 545
469 345 265 482 610 405 735 181 23 194 370 502 259 277 337 907 641 550 0 743 558 128 239 877 117 839 639 885 484 718
351 625 525 312 845 643 894 919 748 560 978 592 1002 968 663 359 627 667 743 0 523 862 977 149 756 192 858 968 367 144
565 712 543 531 1017 197 1118 724 577 395 919 796 778 835 261 860 123 876 558 523 0 616 775 665 485 708 1042 1242 598 613
597 459 393 609 695 438 823 120 136 303 381 618 161 253 367 1035 681 658 128 862 616 0 161 999 131 965 725 976 612 844
677 478 468 697 648 599 775 57 230 434 266 633 44 124 528 1106 842 654 239 977 775 161 0 1105 290 1058 677 928 684 939
448 718 643 416 898 792 928 1048 879 700 1083 655 1133 1086 812 276 765 721 877 149 665 999 1105 0 897 116 907 980 455 182
526 449 339 529 725 311 850 241 140 198 475 601 293 364 241 961 554 655 117 756 485 131 290 897 0 874 754 999 546 752
384 641 589 360 796 810 820 1002 839 676 1011 561 1089 1027 820 171 817 622 839 192 708 965 1058 116 874 0 803 866 383 122
532 334 501 576 30 973 98 654 618 680 445 270 721 565 922 739 1159 191 639 858 1042 725 677 907 754 803 0 251 505 734
692 560 718 734 281 1196 152 905 865 905 687 446 971 812 1150 756 1363 368 885 968 1242 976 928 980 999 866 251 0 661 829
32 262 219 73 488 602 558 630 478 364 629 235 719 645 580 424 721 316 484 367 598 612 684 455 546 383 505 661 0 274
269 536 471 242 723 699 762 882 718 554 903 476 969 912 705 247 727 545 718 144 613 844 939 182 752 122 734 829 274 0
