25
0 320 959 800 759 971 883 938 914 1088 904 410 1012 1041 1177 829 759 483 422 292 880 1017 838 840 709
320 0 893 556 557 876 793 739 909 1008 905 395 786 861 1006 568 511 580 601 47 597 789 630 884 412
959 893 0 566 454 86 111 412 177 130 193 551 514 359 392 626 586 540 682 857 721 521 451 315 764
800 556 566 0 122 502 458 216 687 629 694 500 231 349 488 63 46 679 801 550 163 234 122 756 226
759 557 454 122 0 397 344 183 566 530 573 415 255 304 449 185 132 575 706 540 285 260 79 634 312
971 876 86 502 397 0 88 333 261 135 276 560 431 273 312 559 526 581 727 844 651 438 383 394 710
883 793 111 458 344 88 0 321 245 215 256 472 429 297 370 518 476 500 647 760 615 437 345 357 653
938 739 412 216 183 333 321 0 566 443 577 573 112 132 274 256 257 701 842 723 333 119 110 669 443
914 909 177 687 566 261 245 566 0 267 17 528 674 531 569 749 697 449 577 868 848 681 582 145 859
1088 1008 130 629 530 135 215 443 267 0 284 678 528 353 336 683 656 669 810 975 772 535 508 412 842
904 905 193 694 573 276 256 577 17 284 0 521 686 545 585 757 703 437 563 863 856 693 591 128 863
410 395 551 500 415 560 472 573 528 678 521 0 665 655 783 550 473 213 306 350 633 672 490 490 527
1012 786 514 231 255 431 429 112 674 528 686 665 0 179 288 243 277 807 945 776 291 7 176 780 441
1041 861 359 349 304 273 297 132 531 353 545 655 179 0 144 385 390 752 898 842 455 185 239 654 575
1177 1006 392 488 449 312 370 274 569 336 585 783 288 144 0 519 531 859 1007 986 578 291 383 706 713
829 568 626 63 185 559 518 256 749 683 757 550 243 385 519 0 77 736 855 566 99 243 176 820 198
759 511 586 46 132 526 476 257 697 656 703 473 277 390 531 77 0 660 777 505 168 280 155 759 189
483 580 540 679 575 581 500 701 449 669 437 213 807 752 859 736 660 0 147 532 826 814 641 358 736
422 601 682 801 706 727 647 842 577 810 563 306 945 898 1007 855 777 147 0 553 940 952 776 466 829
292 47 857 550 540 844 760 723 868 975 863 350 776 842 986 566 505 532 553 0 603 780 615 840 423
880 597 721 163 285 651 615 333 848 772 856 633 291 455 578 99 168 826 940 603 0 289 270 920 190
1017 789 521 234 260 438 437 119 681 535 693 672 7 185 291 243 280 814 952 780 289 0 182 788 441
838 630 451 122 79 383 345 110 582 508 591 490 176 239 383 176 155 641 776 615 270 182 0 666 344
840 884 315 756 634 394 357 669 145 412 128 490 780 654 706 820 759 358 466 840 920 788 666 0 902
709 412 764 226 312 710 653 443 859 842 863 527 441 575 713 198 189 736 829 423 190 441 344 902 0
