25
0 85 567 751 811 686 215 565 529 463 536 572 266 231 429 250 476 608 679 226 426 240 661 214 429
85 0 484 698 777 656 256 483 448 411 451 498 303 278 354 198 392 528 665 291 449 156 609 157 423
567 484 0 448 642 584 633 2 47 334 169 162 652 662 177 473 106 85 675 712 700 346 403 387 574
751 698 448 0 217 234 675 447 426 288 613 291 659 696 396 801 514 369 358 765 593 642 90 541 451
811 777 642 217 0 130 680 640 611 386 798 479 648 693 548 918 690 570 214 761 534 763 238 624 419
686 656 584 234 130 0 549 582 547 286 727 425 518 563 463 807 614 523 123 631 409 655 203 506 289
215 256 633 675 680 549 0 631 588 408 657 580 51 28 463 453 568 647 512 90 216 386 586 250 263
565 483 2 447 640 582 631 0 44 332 170 160 650 660 175 473 105 84 673 710 698 345 401 385 571
529 448 47 426 611 547 588 44 0 290 188 135 606 617 130 453 96 89 635 668 653 317 373 344 527
463 411 334 288 386 286 408 332 290 0 454 206 403 433 182 533 339 301 353 498 394 376 198 254 253
536 451 169 613 798 727 657 170 188 454 0 323 687 685 272 373 115 254 807 721 770 295 561 409 663
572 498 162 291 479 425 580 160 135 206 323 0 586 607 145 549 225 100 523 667 599 397 241 362 460
266 303 652 659 648 518 51 650 606 403 687 586 0 48 478 501 593 659 472 113 166 425 571 277 229
231 278 662 696 693 563 28 660 617 433 685 607 48 0 491 474 596 675 520 69 212 412 608 278 274
429 354 177 396 548 463 463 175 130 182 272 145 478 491 0 411 157 185 535 545 524 255 323 226 401
250 198 473 801 918 807 453 473 453 533 373 549 501 474 411 0 367 542 835 477 646 158 719 307 607
476 392 106 514 690 614 568 105 96 339 115 225 593 596 157 367 0 182 692 640 664 246 455 318 552
608 528 85 369 570 523 647 84 89 301 254 100 659 675 185 542 182 0 624 730 687 404 333 412 552
679 665 675 358 214 123 512 673 635 353 807 523 472 520 535 835 692 624 0 585 335 692 320 528 252
226 291 712 765 761 631 90 710 668 498 721 667 113 69 545 477 640 730 585 0 265 438 676 324 342
426 449 700 593 534 409 216 698 653 394 770 599 166 212 524 646 664 687 335 265 0 545 515 376 147
240 156 346 642 763 655 386 345 317 376 295 397 425 412 255 158 246 404 692 438 545 0 560 174 480
661 609 403 90 238 203 586 401 373 198 561 241 571 608 323 719 455 333 320 676 515 560 0 452 370
214 157 387 541 624 506 250 385 344 254 409 362 277 278 226 307 318 412 528 324 376 174 452 0 306
429 423 574 451 419 289 263 571 527 253 663 460 229 274 401 607 552 552 252 342 147 480 370 306 0
