30
0 900 792 942 856 598 943 413 631 585 818 699 439 830 802 730 83 541 76 339 1069 503 719 879 783 525 867 1034 785 655
900 0 242 682 94 948 526 499 579 437 586 685 618 1024 297 250 958 810 871 619 514 1024 221 883 836 584 702 375 143 281
792 242 0 854 148 996 717 454 668 499 735 790 635 1120 463 370 863 857 746 588 736 1035 105 1011 946 632 852 605 123 148
942 682 854 0 748 538 170 635 314 434 137 253 505 456 393 484 943 466 969 621 287 690 761 261 282 421 91 396 734 765
856 94 148 748 0 965 599 473 610 453 642 723 619 1061 356 283 920 826 821 602 601 1027 146 932 878 597 759 465 71 211
598 948 996 538 965 0 644 565 378 513 485 316 363 235 687 699 556 139 660 448 791 160 891 346 269 368 447 843 913 854
943 526 717 170 599 644 0 583 325 376 159 330 507 607 255 359 960 543 957 606 147 782 632 421 418 422 229 227 594 647
413 499 454 635 473 565 583 0 337 207 498 453 206 733 397 317 463 435 402 134 688 584 357 682 596 247 587 631 405 305
631 579 668 314 610 378 325 337 0 171 187 124 191 452 309 330 639 248 655 307 466 486 564 355 279 107 253 482 568 544
585 437 499 434 453 513 376 207 171 0 297 295 192 620 225 192 616 374 589 247 487 587 394 525 451 146 397 450 404 373
818 586 735 137 642 485 159 498 187 297 0 170 379 467 289 365 826 385 841 491 306 623 638 300 274 293 117 367 619 637
699 685 790 253 723 316 330 453 124 295 170 0 278 338 398 440 694 217 734 401 477 452 686 231 156 208 170 529 685 668
439 618 635 505 619 363 507 206 191 192 379 278 0 527 413 382 453 229 464 123 640 407 531 495 403 85 437 628 561 491
830 1024 1120 456 1061 235 607 733 452 620 467 338 527 0 734 778 791 310 889 635 741 376 1015 199 193 496 378 830 1020 990
802 297 463 393 356 687 255 397 309 225 289 398 413 734 0 107 838 555 798 469 309 788 377 586 543 350 406 233 342 394
730 250 370 484 283 699 359 317 330 192 365 440 382 778 107 0 774 561 718 410 416 780 277 649 594 337 482 326 254 288
83 958 863 943 920 556 960 463 639 616 826 694 453 791 838 774 0 518 158 369 1091 446 785 858 763 537 864 1067 849 722
541 810 857 466 826 139 543 435 248 374 385 217 229 310 555 561 518 0 592 327 690 240 752 339 245 228 376 726 774 717
76 871 746 969 821 660 957 402 655 589 841 734 464 889 798 718 158 592 0 352 1077 573 679 925 829 548 899 1031 749 614
339 619 588 621 602 448 606 134 307 247 491 401 123 635 469 410 369 327 352 0 729 452 490 617 524 200 557 697 536 439
1069 514 736 287 601 791 147 688 466 487 306 477 640 741 309 416 1091 690 1077 729 0 929 666 548 558 557 364 146 613 694
503 1024 1035 690 1027 160 782 584 486 587 623 452 407 376 788 780 446 240 573 452 929 0 933 506 428 443 599 966 968 888
719 221 105 761 146 891 632 357 564 394 638 686 531 1015 377 277 785 752 679 490 666 933 0 909 843 527 754 545 78 65
879 883 1011 261 932 346 421 682 355 525 300 231 495 199 586 649 858 339 925 617 548 506 909 0 96 435 193 648 902 896
783 836 946 282 878 269 418 596 279 451 274 156 403 193 543 594 763 245 829 524 558 428 843 96 0 348 195 639 842 824
525 584 632 421 597 368 422 247 107 146 293 208 85 496 350 337 537 228 548 200 557 443 527 435 348 0 357 553 545 496
867 702 852 91 759 447 229 587 253 397 117 170 437 378 406 482 864 376 899 557 364 599 754 193 195 357 0 455 736 750
1034 375 605 396 465 843 227 631 482 450 367 529 628 830 233 326 1067 726 1031 697 146 966 545 648 639 553 455 0 485 582
785 143 123 734 71 913 594 405 568 404 619 685 561 1020 342 254 849 774 749 536 613 968 78 902 842 545 736 485 0 141
655 281 148 765 211 854 647 305 544 373 637 668 491 990 394 288 722 717 614 439 694 888 65 896 824 496 750 582 141 0
