30
0 351 444 364 431 200 885 293 32 114 944 722 604 743 312 732 343 615 525 567 822 250 622 568 556 336 867 752 632 946
351 0 679 610 82 236 1013 89 336 438 1013 866 289 512 215 891 636 340 750 225 731 545 734 239 324 688 883 784 549 691
444 679 0 80 734 444 474 591 476 335 578 315 968 791 495 310 147 760 81 899 668 206 275 800 673 409 571 464 538 983
364 610 80 0 668 373 544 522 396 256 637 382 897 764 435 383 98 716 161 832 677 130 321 745 631 358 611 499 529 961
431 82 734 668 0 296 1037 149 417 513 1024 897 250 460 246 925 702 280 800 166 710 613 761 161 283 767 884 792 538 627
200 236 444 373 296 0 807 149 208 237 832 652 524 543 112 673 405 422 515 458 642 318 528 399 357 504 727 617 448 746
885 1013 474 544 1037 807 0 927 916 791 170 163 1288 863 798 164 620 931 402 1198 563 674 279 1035 850 875 305 301 581 991
293 89 591 522 149 149 927 0 285 367 932 778 378 494 132 803 553 339 661 309 675 464 647 274 300 625 808 706 486 686
32 336 476 396 417 208 916 285 0 146 972 753 581 748 318 763 374 614 557 548 840 282 651 559 558 354 892 777 648 950
114 438 335 256 513 237 791 367 146 0 863 628 707 764 345 633 228 658 417 662 792 136 539 634 588 267 803 687 610 969
944 1013 578 637 1024 832 170 932 972 863 0 271 1271 777 800 295 724 875 519 1176 446 762 324 995 801 987 176 233 516 878
722 866 315 382 897 652 163 778 753 628 271 0 1147 780 653 42 462 821 249 1061 526 512 138 910 736 722 322 257 491 932
604 289 968 897 250 524 1288 378 581 707 1271 1147 0 635 494 1174 918 458 1039 102 934 825 1012 309 497 933 1127 1039 774 757
743 512 791 764 460 543 863 494 748 764 777 780 635 0 431 820 845 182 820 535 348 790 651 328 194 1026 604 563 288 205
312 215 495 435 246 112 798 132 318 345 800 653 494 431 0 680 485 313 557 412 557 406 520 310 245 612 676 573 365 634
732 891 310 383 925 673 164 803 763 633 295 42 1174 820 680 0 456 857 238 1089 569 513 173 943 771 711 361 299 531 974
343 636 147 98 702 405 620 553 374 228 724 462 918 845 485 456 0 783 219 861 775 94 415 795 700 263 708 597 622 1045
615 340 760 716 280 422 931 339 614 658 875 821 458 182 313 857 783 0 806 356 486 712 683 148 88 925 712 645 358 351
525 750 81 161 800 515 402 661 557 417 519 249 1039 820 557 238 219 806 0 966 662 286 242 857 718 473 533 434 552 1005
567 225 899 832 166 458 1198 309 548 662 1176 1061 102 535 412 1089 861 356 966 0 832 770 924 208 395 903 1028 942 674 664
822 731 668 677 710 642 563 675 840 792 446 526 934 348 557 569 775 486 662 832 0 757 432 628 436 1014 270 271 193 432
250 545 206 130 613 318 674 464 282 136 762 512 825 790 406 513 94 712 286 770 757 0 442 714 633 257 724 609 590 993
622 734 275 321 761 528 279 647 651 539 324 138 1012 651 520 173 415 683 242 924 432 442 0 772 598 678 295 191 363 813
568 239 800 745 161 399 1035 274 559 634 995 910 309 328 310 943 795 148 857 208 628 714 772 0 196 897 839 762 482 475
556 324 673 631 283 357 850 300 558 588 801 736 497 194 245 771 700 88 718 395 436 633 598 196 0 854 643 569 287 391
336 688 409 358 767 504 875 625 354 267 987 722 933 1026 612 711 263 925 473 903 1014 257 678 897 854 0 969 857 845 1231
867 883 571 611 884 727 305 808 892 803 176 322 1127 604 676 361 708 712 533 1028 270 724 295 839 643 969 0 116 356 703
752 784 464 499 792 617 301 706 777 687 233 257 1039 563 573 299 597 645 434 942 271 609 191 762 569 857 116 0 287 692
632 549 538 529 538 448 581 486 648 610 516 491 774 288 365 531 622 358 552 674 193 590 363 482 287 845 356 287 0 454
946 691 983 961 627 746 991 686 950 969 878 932 757 205 634 974 1045 351 1005 664 432 993 813 475 391 1231 703 692 454 0
