15
0 324 462 341 572 368 518 586 770 259 640 604 640 95 750
324 0 472 260 293 693 544 645 509 484 400 737 672 322 859
462 472 0 689 451 664 71 174 533 312 412 302 200 548 397
341 260 689 0 540 660 759 850 755 589 657 909 889 267 1046
572 293 451 540 0 921 511 614 217 630 129 753 611 598 838
368 693 664 660 921 0 688 704 1101 351 967 629 771 400 768
518 544 71 759 511 688 0 105 572 340 459 247 130 607 329
586 645 174 850 614 704 105 0 660 373 555 163 67 679 225
770 509 533 755 217 1101 572 660 0 781 134 819 635 806 869
259 484 312 589 630 351 340 373 781 0 648 353 437 353 501
640 400 412 657 129 967 459 555 134 648 0 707 539 681 772
604 737 302 909 753 629 247 163 819 353 707 0 213 699 148
640 672 200 889 611 771 130 67 635 437 539 213 0 731 234
95 322 548 267 598 400 607 679 806 353 681 699 731 0 845
750 859 397 1046 838 768 329 225 869 501 772 148 234 845 0
