25
0 523 247 676 409 522 561 343 656 488 500 757 356 263 815 687 347 506 151 842 433 81 297 199 340
523 0 632 806 127 104 641 195 1059 950 112 886 216 739 749 551 199 927 376 771 925 590 390 494 800
247 632 0 454 551 590 375 500 439 320 567 529 420 438 647 572 511 297 342 673 315 289 529 446 177
676 806 454 0 794 714 164 778 501 577 699 85 617 892 288 369 793 481 705 305 644 735 900 859 534
409 127 551 794 0 188 632 69 988 862 178 878 177 613 784 593 72 849 259 808 827 471 266 367 709
522 104 590 714 188 0 550 240 1002 911 23 793 174 760 645 447 250 878 388 666 895 597 449 533 764
561 641 375 164 632 550 0 620 569 587 534 246 455 801 273 253 635 505 565 298 633 630 756 730 503
343 195 500 778 69 240 620 0 939 805 226 863 173 544 793 609 15 797 192 817 766 403 210 300 652
656 1059 439 501 988 1002 569 939 0 208 980 515 843 728 788 823 950 150 776 806 306 660 953 847 321
488 950 320 577 862 911 587 805 208 0 888 619 740 524 845 830 813 100 625 867 98 476 784 667 152
500 112 567 699 178 23 534 226 980 888 0 778 151 740 638 440 237 855 367 659 872 576 436 516 741
757 886 529 85 878 793 246 863 515 619 778 0 700 967 301 422 878 520 790 312 693 814 985 943 594
356 216 420 617 177 174 455 173 843 740 151 700 0 606 619 438 189 712 237 644 721 434 359 405 591
263 739 438 892 613 760 801 544 728 524 740 967 606 0 1065 949 542 586 373 1092 434 182 396 259 422
815 749 647 288 784 645 273 793 788 845 638 301 619 1065 0 200 808 755 790 26 899 889 965 965 774
687 551 572 369 593 447 253 609 823 830 440 422 438 949 200 0 624 754 634 220 864 767 794 813 727
347 199 511 793 72 250 635 15 950 813 237 878 189 542 808 624 0 807 196 833 772 405 199 295 660
506 927 297 481 849 878 505 797 150 100 855 520 712 586 755 754 807 0 629 776 189 510 803 696 171
151 376 342 705 259 388 565 192 776 625 367 790 237 373 790 634 196 629 0 817 579 214 197 178 473
842 771 673 305 808 666 298 817 806 867 659 312 644 1092 26 220 833 776 817 0 922 915 991 992 798
433 925 315 644 827 895 633 766 306 98 872 693 721 434 899 864 772 189 579 922 0 408 723 598 139
81 590 289 735 471 597 630 403 660 476 576 814 434 182 889 767 405 510 214 915 408 0 316 190 339
297 390 529 900 266 449 756 210 953 784 436 985 359 396 965 794 199 803 197 991 723 316 0 138 638
199 494 446 859 367 533 730 300 847 667 516 943 405 259 965 813 295 696 178 992 598 190 138 0 526
340 800 177 534 709 764 503 652 321 152 741 594 591 422 774 727 660 171 473 798 139 339 638 526 0
