15
0 573 501 943 472 428 296 773 651 1002 852 370 279 210 191
573 0 84 747 397 391 720 656 817 699 407 620 304 515 384
501 84 0 710 323 382 636 603 740 681 416 589 226 431 316
943 747 710 0 482 1072 811 178 511 174 442 1220 757 737 859
472 397 323 482 0 617 435 328 420 530 432 739 279 284 377
428 391 382 1072 617 0 702 941 969 1061 794 252 347 528 298
296 720 636 811 435 702 0 633 399 916 867 665 429 206 412
773 656 603 178 328 941 633 0 358 306 447 1067 608 565 704
651 817 740 511 420 969 399 358 0 663 760 1010 626 458 677
1002 699 681 174 530 1061 916 306 663 0 329 1238 779 809 889
852 407 416 442 432 794 867 447 760 329 0 1005 584 701 694
370 620 589 1220 739 252 665 1067 1010 1238 1005 0 463 552 362
279 304 226 757 279 347 429 608 626 779 584 463 0 225 111
210 515 431 737 284 528 206 565 458 809 701 552 225 0 230
191 384 316 859 377 298 412 704 677 889 694 362 111 230 0
