30
0 848 730 904 848 73 1092 796 804 247 293 975 721 452 227 830 162 221 901 805 236 769 425 955 334 541 432 844 564 289
848 0 118 248 409 811 243 138 72 946 1003 130 359 500 695 292 891 636 222 218 934 309 434 123 704 676 782 287 563 831
730 118 0 274 408 692 362 145 84 835 893 248 322 403 577 278 777 517 254 201 823 290 320 229 592 597 689 300 489 725
904 248 274 0 655 850 336 379 203 1055 1114 299 590 661 705 96 985 682 26 99 1041 548 548 201 671 868 947 534 761 961
848 409 408 655 0 844 521 276 455 832 877 428 133 396 797 682 812 700 630 604 823 121 466 505 865 422 575 123 324 692
73 811 692 850 844 0 1054 769 762 317 366 939 715 452 158 773 231 174 849 752 306 758 400 913 261 570 476 830 579 344
1092 243 362 336 521 1054 0 328 296 1183 1239 121 529 726 935 425 1131 879 314 378 1171 466 675 155 935 875 998 407 761 1062
796 138 145 379 276 769 328 0 179 861 917 208 222 400 675 408 815 599 355 330 850 171 371 251 708 552 671 159 438 737
804 72 84 203 455 762 296 179 0 918 976 194 387 487 639 229 858 587 180 153 905 346 401 151 641 679 774 338 569 809
247 946 835 1055 832 317 1183 861 918 0 59 1062 725 465 456 996 87 406 1047 955 13 785 516 1065 573 440 288 864 510 140
293 1003 893 1114 877 366 1239 917 976 59 0 1118 774 518 509 1055 141 464 1106 1015 73 835 575 1122 624 475 318 914 553 185
975 130 248 299 428 939 121 208 194 1062 1118 0 418 605 825 372 1011 765 273 310 1050 357 556 100 833 759 879 307 645 941
721 359 322 590 133 715 529 222 387 725 774 418 0 272 664 600 698 567 568 524 715 65 333 473 732 351 490 141 239 589
452 500 403 661 396 452 726 400 487 465 518 605 272 0 431 630 428 326 646 569 453 325 151 623 525 226 287 403 158 337
227 695 577 705 797 158 935 675 639 456 509 825 664 431 0 624 369 106 707 610 443 696 331 788 121 603 547 761 582 445
830 292 278 96 682 773 425 408 229 996 1055 372 600 630 624 0 923 610 112 77 982 567 503 279 582 846 911 567 746 911
162 891 777 985 812 231 1131 815 858 87 141 1011 698 428 369 923 0 324 979 886 75 754 457 1007 486 447 310 832 500 153
221 636 517 682 700 174 879 599 587 406 464 765 567 326 106 610 324 0 679 583 393 603 238 739 215 499 452 671 475 367
901 222 254 26 630 849 314 355 180 1047 1106 273 568 646 707 112 979 679 0 96 1034 525 537 175 677 850 933 509 743 951
805 218 201 99 604 752 378 330 153 955 1015 310 524 569 610 77 886 583 96 0 942 490 450 225 583 781 853 489 677 863
236 934 823 1041 823 306 1171 850 905 13 73 1050 715 453 443 982 75 393 1034 942 0 775 503 1052 561 434 283 853 502 133
769 309 290 548 121 758 466 171 346 785 835 357 65 325 696 567 754 603 525 490 775 0 365 418 755 417 555 78 305 650
425 434 320 548 466 400 675 371 401 516 575 556 333 151 331 503 457 238 537 450 503 365 0 549 402 376 411 433 305 413
955 123 229 201 505 913 155 251 151 1065 1122 100 473 623 788 279 1007 739 175 225 1052 418 549 0 783 798 905 381 685 952
334 704 592 671 865 261 935 708 641 573 624 833 732 525 121 582 486 215 677 583 561 755 402 783 0 713 666 813 680 567
541 676 597 868 422 570 875 552 679 440 475 759 351 226 603 846 447 499 850 781 434 417 376 798 713 0 158 490 114 301
432 782 689 947 575 476 998 671 774 288 318 879 490 287 547 911 310 452 933 853 283 555 411 905 666 158 0 632 252 156
844 287 300 534 123 830 407 159 338 864 914 307 141 403 761 567 832 671 509 489 853 78 433 381 813 490 632 0 380 729
564 563 489 761 324 579 761 438 569 510 553 645 239 158 582 746 500 475 743 677 502 305 305 685 680 114 252 380 0 370
289 831 725 961 692 344 1062 737 809 140 185 941 589 337 445 911 153 367 951 863 133 650 413 952 567 301 156 729 370 0
