30
0 724 442 101 972 970 833 738 532 317 604 562 390 524 468 814 365 437 575 570 663 324 308 310 699 234 629 240 187 305
724 0 313 673 253 254 271 142 279 703 401 486 351 409 543 691 643 644 153 456 564 571 1010 479 27 635 376 531 906 996
442 313 0 419 544 539 394 298 100 392 447 484 192 397 272 547 339 539 203 253 384 261 706 166 286 435 245 222 612 689
101 673 419 0 926 925 813 706 516 390 512 464 326 432 505 854 424 336 521 589 695 366 399 319 651 133 633 255 271 400
972 253 544 926 0 17 272 260 480 914 611 705 605 638 723 762 845 883 406 607 679 784 1250 707 275 888 509 766 1151 1234
970 254 539 925 17 0 257 251 473 906 619 712 605 644 713 746 836 888 407 595 666 777 1245 702 274 890 497 761 1148 1228
833 271 394 813 272 257 0 137 300 702 663 741 534 657 489 490 625 872 367 361 413 581 1075 533 266 814 261 600 995 1054
738 142 298 706 260 251 137 0 222 655 526 604 408 520 464 559 584 739 232 355 445 525 1001 455 132 694 262 517 910 983
532 279 100 516 480 473 300 222 0 434 507 557 281 468 264 477 367 632 219 196 323 304 781 235 252 535 157 301 695 762
317 703 392 390 914 906 702 655 434 0 761 756 483 688 224 529 81 699 591 357 402 132 403 234 676 506 448 216 372 376
604 401 447 512 611 619 663 526 507 761 0 96 282 80 713 985 739 300 308 697 828 653 911 541 399 405 662 544 784 910
562 486 484 464 705 712 741 604 557 756 96 0 299 88 737 1030 744 209 377 737 869 659 862 551 481 344 714 541 734 864
390 351 192 326 605 605 534 408 281 483 282 299 0 217 438 738 457 351 198 444 575 371 693 259 330 287 436 267 577 685
524 409 397 432 638 644 657 520 468 688 80 88 217 0 655 943 671 247 291 650 782 585 831 474 401 328 626 472 704 830
468 543 272 505 723 713 489 464 264 224 713 737 438 655 0 349 143 744 469 134 195 144 625 202 517 584 229 252 576 598
814 691 547 854 762 746 490 559 477 529 985 1030 738 943 349 0 458 1073 690 294 165 490 924 543 671 928 327 599 901 894
365 643 339 424 845 836 625 584 367 81 739 744 457 671 143 458 0 710 541 276 323 86 484 198 615 527 369 206 444 457
437 644 539 336 883 888 872 739 632 699 300 209 351 247 744 1073 710 0 508 781 908 633 711 542 633 203 785 507 582 719
575 153 203 521 406 407 367 232 219 591 308 377 198 291 469 690 541 508 0 415 541 462 868 358 133 483 363 399 760 856
570 456 253 589 607 595 361 355 196 357 697 737 444 650 134 294 276 781 415 0 131 258 754 269 431 646 100 335 697 729
663 564 384 695 679 666 413 445 323 402 828 869 575 782 195 165 323 908 541 131 0 339 806 381 541 764 187 439 767 777
324 571 261 366 784 777 581 525 304 132 653 659 371 585 144 490 86 633 462 258 339 0 499 112 544 457 337 126 438 475
308 1010 706 399 1250 1245 1075 1001 781 403 911 862 693 831 625 924 484 711 868 754 806 499 0 546 984 521 837 484 129 32
310 479 166 319 707 702 533 455 235 234 541 551 259 474 202 543 198 542 358 269 381 112 546 0 452 384 319 69 462 528
699 27 286 651 275 274 266 132 252 676 399 481 330 401 517 671 615 633 133 431 541 544 984 452 0 616 353 504 881 970
234 635 435 133 888 890 814 694 535 506 405 344 287 328 584 928 527 203 483 646 764 457 521 384 616 0 672 333 391 525
629 376 245 633 509 497 261 262 157 448 662 714 436 626 229 327 369 785 363 100 187 337 837 319 353 672 0 389 770 813
240 531 222 255 766 761 600 517 301 216 544 541 267 472 252 599 206 507 399 335 439 126 484 69 504 333 389 0 394 467
187 906 612 271 1151 1148 995 910 695 372 784 734 577 704 576 901 444 582 760 697 767 438 129 462 881 391 770 394 0 137
305 996 689 400 1234 1228 1054 983 762 376 910 864 685 830 598 894 457 719 856 729 777 475 32 528 970 525 813 467 137 0
