10
0 903 959 627 740 317 396 199 530 594
903 0 117 431 419 1166 911 741 791 308
959 117 0 538 535 1238 1004 812 779 374
627 431 538 0 114 815 501 429 792 268
740 419 535 114 0 913 580 541 894 343
317 1166 1238 815 913 0 375 425 833 863
396 911 1004 501 580 375 0 296 868 644
199 741 812 429 541 425 296 0 574 438
530 791 779 792 894 833 868 574 0 571
594 308 374 268 343 863 644 438 571 0
