30
0 83 131 336 441 125 408 141 72 622 381 376 443 465 143 491 97 450 296 484 291 83 537 281 201 291 513 458 499 424
83 0 195 414 519 192 334 223 137 656 359 370 389 458 195 567 85 494 234 518 280 66 557 342 175 259 430 460 582 490
131 195 0 230 330 193 460 150 168 499 508 495 574 391 33 481 139 518 425 363 240 214 426 329 197 422 614 373 427 295
336 414 230 0 106 313 686 239 328 465 659 623 763 515 249 369 369 536 627 364 420 413 459 357 416 594 842 478 223 152
441 519 330 106 0 417 777 343 434 443 761 723 869 560 344 400 468 611 733 370 493 519 469 444 505 699 944 518 198 129
125 192 193 313 417 0 526 74 54 686 346 317 456 574 221 376 221 332 335 553 406 145 620 155 324 282 595 561 424 437
408 334 460 686 777 526 0 549 471 725 570 617 484 412 437 899 330 810 367 608 316 389 590 674 272 474 265 448 887 703
141 223 150 239 343 74 549 0 98 625 420 390 527 541 182 353 224 369 400 495 383 195 568 179 318 355 646 523 364 364
72 137 168 328 434 54 471 98 0 667 345 327 435 532 191 429 170 378 302 531 361 97 592 209 274 268 550 523 463 439
622 656 499 465 443 686 725 625 667 0 1003 994 1043 327 479 832 571 982 886 138 425 700 139 792 519 911 973 282 642 320
381 359 508 659 761 346 570 420 345 1003 0 73 177 815 524 593 443 349 204 865 638 305 914 357 530 103 471 819 732 782
376 370 495 623 723 317 617 390 327 994 73 0 251 828 515 527 450 275 259 858 650 309 913 300 545 142 538 828 678 755
443 389 574 763 869 456 484 527 435 1043 177 251 0 806 581 757 472 526 157 905 639 360 935 510 532 177 319 821 872 867
465 458 391 515 560 574 412 541 532 327 815 828 806 0 359 855 378 905 652 242 177 519 188 720 284 712 673 49 737 441
143 195 33 249 344 221 437 182 191 479 524 515 581 359 0 513 127 548 428 342 207 224 401 361 170 435 603 342 454 297
491 567 481 369 400 376 899 353 429 832 593 527 757 855 513 0 578 293 679 733 720 521 826 252 669 586 961 826 232 512
97 85 139 369 468 221 330 224 170 571 443 450 472 378 127 578 0 547 315 433 201 141 471 377 104 345 476 377 559 423
450 494 518 536 611 332 810 369 378 982 349 275 526 905 548 293 547 0 499 858 738 430 936 191 652 384 792 891 498 687
296 234 425 627 733 335 367 400 302 886 204 259 157 652 428 679 315 499 0 748 483 215 778 427 375 119 293 666 759 720
484 518 363 364 370 553 608 495 531 138 865 858 905 242 342 733 433 858 748 0 297 561 99 667 385 772 847 193 566 240
291 280 240 420 493 406 316 383 361 425 638 650 639 177 207 720 201 738 483 297 0 341 302 557 108 536 550 183 640 399
83 66 214 413 519 145 389 195 97 700 305 309 360 519 224 521 141 430 215 561 341 0 608 286 238 211 452 518 559 507
537 557 426 459 469 620 590 568 592 139 914 913 935 188 401 826 471 936 778 99 302 608 0 745 404 816 843 143 665 340
281 342 329 357 444 155 674 179 209 792 357 300 510 720 361 252 377 191 427 667 557 286 745 0 480 336 712 702 378 505
201 175 197 416 505 324 272 318 274 519 530 545 532 284 170 669 104 652 375 385 108 238 404 480 0 428 471 291 624 434
291 259 422 594 699 282 474 355 268 911 103 142 177 712 435 586 345 384 119 772 536 211 816 336 428 0 408 718 695 706
513 430 614 842 944 595 265 646 550 973 471 538 319 673 603 961 476 792 293 847 550 452 843 712 471 408 0 705 1010 897
458 460 373 478 518 561 448 523 523 282 819 828 821 49 342 826 377 891 666 193 183 518 143 702 291 718 705 0 699 396
499 582 427 223 198 424 887 364 463 642 732 678 872 737 454 232 559 498 759 566 640 559 665 378 624 695 1010 699 0 327
424 490 295 152 129 437 703 364 439 320 782 755 867 441 297 512 423 687 720 240 399 507 340 505 434 706 897 396 327 0
