25
0 737 235 270 593 538 863 267 526 785 610 375 509 254 627 419 745 955 349 381 464 279 522 221 600
737 0 872 659 218 1007 562 492 270 107 880 834 302 792 1032 554 729 741 511 458 758 596 950 589 1142
235 872 0 235 770 315 844 467 708 895 444 195 594 107 413 403 654 893 572 596 335 512 314 283 364
270 659 235 0 594 375 622 351 541 670 363 187 368 136 434 172 475 694 481 484 206 458 332 104 492
593 218 770 594 0 967 707 327 68 318 888 781 321 711 1012 545 807 877 309 256 744 400 918 501 1086
538 1007 315 375 967 0 783 715 915 997 233 188 705 291 104 454 520 767 839 850 260 797 64 476 148
863 562 844 622 707 783 0 760 714 473 565 692 432 737 749 451 287 180 863 827 545 907 720 642 931
267 492 467 351 327 715 760 0 259 557 706 529 338 431 784 399 735 893 132 134 548 147 680 246 812
526 270 708 541 68 915 714 259 0 362 849 728 304 652 966 507 789 878 244 191 701 334 869 444 1030
785 107 895 670 318 997 473 557 362 0 848 834 302 807 1011 543 668 653 595 543 740 674 937 614 1137
610 880 444 363 888 233 565 706 849 848 0 250 586 365 183 343 290 535 838 834 158 821 176 462 373
375 834 195 187 781 188 692 529 728 834 250 0 535 120 258 294 472 717 655 664 151 618 152 288 308
509 302 594 368 321 705 432 338 304 302 586 535 0 504 731 252 486 584 432 395 457 482 648 316 841
254 792 107 136 711 291 737 431 652 807 365 120 504 0 374 298 552 788 551 565 237 506 268 210 381
627 1032 413 434 1012 104 749 784 966 1011 183 258 731 374 0 479 471 710 912 918 274 876 106 539 203
419 554 403 172 545 454 451 399 507 543 343 294 252 298 479 0 342 536 528 514 204 535 396 201 594
745 729 654 475 807 520 287 735 789 668 290 472 486 552 471 342 0 249 861 840 321 876 459 538 663
955 741 893 694 877 767 180 893 878 653 535 717 584 788 710 536 249 0 1007 975 566 1040 707 737 908
349 511 572 481 309 839 863 132 244 595 838 655 432 551 912 528 861 1007 0 53 680 93 807 377 928
381 458 596 484 256 850 827 134 191 543 834 664 395 565 918 514 840 975 53 0 677 144 814 379 946
464 758 335 206 744 260 545 548 701 740 158 151 457 237 274 204 321 566 680 677 0 663 198 304 406
279 596 512 458 400 797 907 147 334 674 821 618 482 506 876 535 876 1040 93 144 663 0 771 359 874
522 950 314 332 918 64 720 680 869 937 176 152 648 268 106 396 459 707 807 814 198 771 0 436 212
221 589 283 104 501 476 642 246 444 614 462 288 316 210 539 201 538 737 377 379 304 359 436 0 586
600 1142 364 492 1086 148 931 812 1030 1137 373 308 841 381 203 594 663 908 928 946 406 874 212 586 0
