25
0 458 428 430 1057 1086 977 510 615 922 231 865 977 419 477 688 588 309 601 553 953 153 570 373 985
458 0 704 743 985 952 1120 892 543 1075 569 655 902 163 161 599 140 665 150 710 1134 574 112 787 998
428 704 0 62 758 834 558 248 446 502 197 727 692 568 615 498 782 147 796 187 526 302 790 262 633
430 743 62 0 812 892 582 186 508 525 202 790 748 614 663 560 827 125 841 243 541 290 833 209 680
1057 985 758 812 0 143 487 966 462 497 886 388 84 834 824 394 945 892 952 571 574 1002 986 1020 189
1086 952 834 892 143 0 626 1058 471 633 939 309 154 812 792 399 892 958 898 649 712 1050 937 1096 327
977 1120 558 582 487 626 0 658 611 56 751 751 486 957 978 591 1140 702 1152 433 93 860 1168 771 298
510 892 248 186 966 1058 658 0 694 604 323 974 910 777 830 743 989 226 1003 413 594 356 990 151 816
615 543 446 508 462 471 611 694 0 576 491 284 378 383 387 72 537 533 547 308 649 593 570 684 454
922 1075 502 525 497 633 56 604 576 0 695 734 487 913 936 562 1100 646 1112 381 82 804 1126 715 308
231 569 197 202 886 939 751 323 491 695 0 770 812 463 518 558 671 97 685 340 723 117 669 230 788
865 655 727 790 388 309 751 974 284 734 770 0 321 529 500 230 585 817 590 572 816 866 630 968 495
977 902 692 748 84 154 486 910 378 487 812 321 0 750 741 310 864 822 871 505 567 926 905 955 193
419 163 568 614 834 812 957 777 383 913 463 529 750 0 58 442 213 554 227 554 974 498 223 692 837
477 161 615 663 824 792 978 830 387 936 518 500 741 58 0 439 170 608 183 587 1000 556 190 748 841
688 599 498 560 394 399 591 743 72 562 558 230 310 442 439 0 579 595 588 342 639 663 615 744 404
588 140 782 827 945 892 1140 989 537 1100 671 585 864 213 170 579 0 764 13 756 1166 692 48 897 984
309 665 147 125 892 958 702 226 533 646 97 817 822 554 608 595 764 0 778 325 665 165 764 153 776
601 150 796 841 952 898 1152 1003 547 1112 685 590 871 227 183 588 13 778 0 769 1178 706 50 911 993
553 710 187 243 571 649 433 413 308 381 340 572 505 554 587 342 756 325 769 0 429 457 775 449 451
953 1134 526 541 574 712 93 594 649 82 723 816 567 974 1000 639 1166 665 1178 429 0 827 1191 717 385
153 574 302 290 1002 1050 860 356 593 804 117 866 926 498 556 663 692 165 706 457 827 0 682 222 906
570 112 790 833 986 937 1168 990 570 1126 669 630 905 223 190 615 48 764 50 775 1191 682 0 891 1020
373 787 262 209 1020 1096 771 151 684 715 230 968 955 692 748 744 897 153 911 449 717 222 891 0 889
985 998 633 680 189 327 298 816 454 308 788 495 193 837 841 404 984 776 993 451 385 906 1020 889 0
