15
0 381 329 41 315 560 936 543 197 510 356 747 873 923 183
381 0 83 352 100 193 627 267 205 141 156 573 667 737 399
329 83 0 307 17 230 710 245 138 182 85 529 744 812 384
41 352 307 0 294 535 896 530 181 485 342 749 832 883 153
315 100 17 294 0 245 727 250 122 198 79 527 757 825 377
560 193 230 535 245 0 597 171 367 52 234 477 719 795 593
936 627 710 896 727 597 0 768 816 599 772 1059 286 347 841
543 267 245 530 250 171 768 0 348 182 187 316 882 958 627
197 205 138 181 122 367 816 348 0 320 160 583 811 873 294
510 141 182 485 198 52 599 182 320 0 198 498 700 775 540
356 156 85 342 79 234 772 187 160 198 0 449 823 893 444
747 573 529 749 527 477 1059 316 583 498 449 0 1196 1272 878
873 667 744 832 757 719 286 882 811 700 823 1196 0 77 733
923 737 812 883 825 795 347 958 873 775 893 1272 77 0 775
183 399 384 153 377 593 841 627 294 540 444 878 733 775 0
