30
0 998 368 635 88 573 354 481 545 839 1177 772 531 271 142 150 868 1003 859 774 1021 299 1180 528 1064 883 741 691 683 686
998 0 630 488 967 488 707 689 619 455 364 283 487 825 969 1042 339 151 360 334 256 872 349 623 329 357 435 570 535 367
368 630 0 349 349 237 199 278 293 524 840 411 196 272 365 421 547 647 520 424 679 308 841 316 733 543 445 454 393 350
635 488 349 0 575 437 283 591 569 658 551 442 165 392 556 735 240 423 601 500 406 657 558 140 436 618 106 128 601 127
88 967 349 575 0 573 291 512 569 851 1123 760 488 194 55 238 812 961 861 770 970 356 1128 458 1009 885 681 620 701 639
573 488 237 437 573 0 421 205 148 286 781 215 282 508 597 578 543 557 287 203 622 387 776 476 691 311 495 564 171 363
354 707 199 283 291 421 0 474 492 704 833 549 221 117 275 468 522 681 684 581 682 447 838 176 718 706 389 339 586 356
481 689 278 591 512 205 474 0 79 380 985 408 426 521 552 438 735 762 426 375 826 219 980 589 893 449 668 710 217 544
545 619 293 569 569 148 492 79 0 303 927 336 407 554 604 513 691 700 347 299 770 297 921 586 839 370 637 693 141 507
839 455 524 658 851 286 704 380 303 0 815 230 533 795 879 816 673 585 94 163 681 599 802 733 758 103 681 784 163 548
1177 364 840 551 1123 781 833 985 927 815 0 614 651 944 1107 1259 311 232 721 677 161 1131 21 684 115 719 449 553 872 492
772 283 411 442 760 215 549 408 336 230 614 0 345 657 774 791 443 382 160 68 467 603 605 537 543 176 453 564 258 324
531 487 196 165 488 282 221 426 407 533 651 345 0 337 484 608 352 473 494 389 492 503 652 199 541 514 251 286 453 158
271 825 272 392 194 508 117 521 554 795 944 657 337 0 165 407 632 798 783 683 796 441 950 267 828 806 496 427 665 473
142 969 365 556 55 597 275 552 604 879 1107 774 484 165 0 293 796 954 883 789 957 407 1113 432 992 907 661 591 732 630
150 1042 421 735 238 578 468 438 513 816 1259 791 608 407 293 0 958 1068 852 780 1099 222 1260 645 1149 875 840 808 654 766
868 339 547 240 812 543 522 735 691 673 311 443 352 632 796 958 0 220 592 511 171 850 318 375 196 601 140 262 675 198
1003 151 647 423 961 557 681 762 700 585 232 382 473 798 954 1068 220 0 492 444 105 922 222 564 179 493 344 477 640 324
859 360 520 601 861 287 684 426 347 94 721 160 494 783 883 852 592 492 0 105 590 643 708 691 667 24 613 724 218 484
774 334 424 500 770 203 581 375 299 163 677 68 389 683 789 780 511 444 105 0 533 582 666 586 609 125 518 624 200 386
1021 256 679 406 970 622 682 826 770 681 161 467 492 796 957 1099 171 105 590 533 0 969 161 545 77 591 311 432 722 334
299 872 308 657 356 387 447 219 297 599 1131 603 503 441 407 222 850 922 643 582 969 0 1129 606 1028 666 753 757 436 651
1180 349 841 558 1128 776 838 980 921 802 21 605 652 950 1113 1260 318 222 708 666 161 1129 0 692 124 706 457 564 863 495
528 623 316 140 458 476 176 589 586 733 684 537 199 267 432 645 375 564 691 586 545 606 692 0 569 710 235 163 648 255
1064 329 733 436 1009 691 718 893 839 758 115 543 541 828 992 1149 196 179 667 609 77 1028 124 569 0 668 333 439 797 383
883 357 543 618 885 311 706 449 370 103 719 176 514 806 907 875 601 493 24 125 591 666 706 710 668 0 626 740 239 499
741 435 445 106 681 495 389 668 637 681 449 453 251 496 661 840 140 344 613 518 311 753 457 235 333 626 0 135 649 136
691 570 454 128 620 564 339 710 693 784 553 564 286 427 591 808 262 477 724 624 432 757 564 163 439 740 135 0 729 240
683 535 393 601 701 171 586 217 141 163 872 258 453 665 732 654 675 640 218 200 722 436 863 648 797 239 649 729 0 513
686 367 350 127 639 363 356 544 507 548 492 324 158 473 630 766 198 324 484 386 334 651 495 255 383 499 136 240 513 0
